label, neighbor, wall area
23733,23843,3.12239
23733,24023,3.1469
23733,24199,5.50681
23733,24207,3.04281
23733,24220,2.94104
23733,24450,2.73473
23733,24451,4.30265
23733,24452,2.45672
23735,23766,5.27873
23735,23898,6.13391
23735,24025,3.8935
23735,24026,3.42765
23735,24052,2.04226
23735,24216,8.38044
23738,23942,4.86046
23738,24053,14.2331
23738,24309,1.62623
23738,24319,7.98099
23740,23961,6.2621
23740,24138,13.3532
23740,24249,6.41275
23740,24251,8.80074
23740,24306,14.4443
23746,23751,3.86749
23746,24136,1.1522
23746,24159,7.00898
23746,24379,5.82857
23746,24380,1.69061
23746,24381,3.60754
23746,27458,0.95263
23748,24142,3.62873
23748,24380,3.17862
23748,24384,2.38183
23748,24443,5.81651
23748,24446,2.01012
23749,23826,6.92832
23749,23908,9.43499
23749,23960,5.46015
23749,23964,4.51283
23749,23977,1.08759
23749,24153,6.85101
23749,24165,0.448154
23751,23746,3.86749
23751,23832,5.52688
23751,24136,5.43855
23751,24146,2.57954
23751,24159,1.72876
23752,23974,6.60445
23752,23975,5.85987
23752,24162,4.27023
23752,24174,4.68417
23752,24346,3.21609
23752,24355,5.09896
23755,23831,4.45407
23755,23989,6.05301
23755,24157,8.58402
23755,24199,3.10536
23755,24452,5.38936
23755,24453,3.98382
23760,23843,1.72569
23760,23849,6.68214
23760,24208,0.532589
23760,24220,1.09965
23760,24221,5.94392
23760,24360,0.218826
23760,27457,7.05089
23761,23804,1.05759
23761,24017,3.22778
23761,24036,7.64221
23761,24211,5.11306
23761,24224,4.4536
23761,24225,4.55486
23764,23767,2.69845
23764,23798,1.84745
23764,24019,2.6432
23764,24029,8.24182
23764,24236,0.609979
23764,24418,2.37515
23764,24419,8.53455
23765,23899,8.02372
23765,24020,8.04741
23765,24069,6.81876
23765,24139,3.78045
23765,24152,14.7195
23765,24306,10.2813
23766,23735,5.27873
23766,23872,1.58127
23766,23898,3.65416
23766,24026,2.67168
23766,24041,4.57158
23766,24255,5.05338
23766,24256,7.32375
23767,23764,2.69845
23767,23858,2.74748
23767,24029,0.977732
23767,24233,9.55885
23767,24236,9.072
23767,24262,3.2947
23767,24455,1.49697
23770,23876,2.73182
23770,24058,7.50853
23770,24283,1.66986
23770,24284,5.79059
23770,27463,4.144
23778,23786,8.66791
23778,23887,4.48856
23778,23894,3.24275
23778,23947,5.30153
23778,24111,2.67763
23778,24145,1.36614
23778,24377,3.37047
23780,23856,5.12107
23780,23866,6.43954
23780,23935,2.94111
23780,23962,4.59635
23780,24320,7.60771
23780,27499,7.09853
23780,27501,9.402
23782,23783,6.60473
23782,23864,2.96633
23782,23949,5.54129
23782,24107,13.4491
23782,24123,3.61859
23782,24325,7.53627
23782,27479,3.72796
23783,23782,6.60473
23783,23871,9.05079
23783,24113,5.05802
23783,24123,3.73715
23783,24325,7.03802
23783,24326,7.31954
23786,23778,8.66791
23786,24039,1.44574
23786,24142,7.70226
23786,24145,3.31964
23786,24377,1.52547
23786,24443,3.21074
23789,23956,4.76334
23789,23965,8.12559
23789,24149,5.06107
23790,23957,11.9516
23790,23976,4.88184
23790,24106,7.9103
23790,24187,1.51966
23790,24247,2.65272
23790,24280,4.02166
23791,23911,7.50645
23791,24021,9.90029
23791,24055,8.3029
23791,27470,5.56341
23791,27473,0.179976
23796,24012,4.91032
23796,24338,4.70887
23796,24339,0.669938
23796,24340,2.198
23796,24341,2.45356
23796,27453,4.01024
23796,27454,2.58711
23798,23764,1.84745
23798,24012,2.67419
23798,24019,5.3643
23798,24411,2.9903
23798,24418,7.93678
23799,24015,6.49604
23799,24031,5.53468
23799,24213,4.50529
23800,24018,4.98037
23800,24019,3.9118
23800,24029,7.15891
23800,24233,3.12872
23800,27453,2.53869
23800,27454,3.35053
23802,24023,6.83104
23802,24049,4.54166
23802,24219,2.79312
23802,24235,5.56472
23803,24036,4.662
23803,24224,7.46914
23803,24232,4.65145
23803,24241,6.36399
23803,24242,4.60102
23804,23761,1.05759
23804,23857,4.56079
23804,23858,2.43315
23804,24036,3.1671
23804,24042,3.38847
23804,24225,4.09664
23804,24226,3.86205
23804,24233,5.00479
23804,24244,1.72771
23807,23917,3.69304
23807,23918,4.4378
23807,23924,6.87732
23807,24053,3.82744
23807,24309,7.43863
23807,24373,1.65317
23810,23880,5.96062
23810,23906,3.02587
23810,23931,7.24374
23810,24076,8.4377
23810,24287,4.74928
23811,23813,3.74676
23811,23906,9.82047
23811,24076,3.94812
23811,24095,4.97484
23811,24104,7.10803
23811,24315,2.55176
23813,23811,3.74676
23813,24076,8.30687
23813,24084,2.99994
23813,24104,2.21502
23813,24105,5.96187
23816,23960,4.74485
23816,24128,10.2874
23816,27492,8.94101
23816,27493,9.8057
23819,23822,0.550404
23819,23950,6.57874
23819,23980,2.48707
23819,24382,3.14133
23819,24383,3.40835
23819,27459,3.24952
23820,23822,6.38176
23820,23848,7.55616
23820,23950,4.64055
23820,23971,2.31236
23820,24092,3.81504
23820,24330,3.8546
23821,23824,6.87957
23821,23833,6.30047
23821,23835,4.05407
23821,23852,4.46076
23821,23959,6.14324
23821,24336,7.69753
23822,23819,0.550404
23822,23820,6.38176
23822,23950,3.44652
23822,24092,2.07673
23822,24383,2.89566
23822,24386,5.68169
23822,24387,1.717
23823,23899,5.1393
23823,24021,7.57989
23823,24055,6.34549
23823,24114,6.81125
23823,24152,11.143
23823,24172,8.01211
23824,23821,6.87957
23824,23833,2.90084
23825,24143,4.47583
23825,24151,8.51529
23825,24157,7.46024
23826,23749,6.92832
23826,23977,7.59463
23826,24164,5.70436
23826,24165,5.13651
23827,23964,3.62317
23827,23965,4.40581
23827,24149,8.25373
23827,24153,2.59862
23827,24422,2.37465
23827,27450,6.66015
23827,27452,2.64705
23828,23985,12.5543
23828,24168,9.81208
23828,24308,12.032
23828,24321,6.14633
23831,23755,4.45407
23831,24157,1.51611
23831,24453,8.67862
23832,23751,5.52688
23832,24027,2.03548
23832,24028,4.33752
23832,24159,1.61031
23832,24182,3.4621
23833,23821,6.30047
23833,23824,2.90084
23833,23852,13.5725
23833,24205,4.83321
23833,24298,8.91741
23834,23840,7.08343
23834,23993,5.72989
23834,23998,5.5703
23834,24338,4.56328
23834,24348,1.17585
23834,27489,1.62321
23835,23821,4.05407
23835,23852,8.66134
23835,23957,5.9266
23835,23959,8.32291
23835,24187,7.46313
23835,24243,9.20896
23835,24245,6.11377
23840,23834,7.08343
23840,23997,7.39679
23840,23998,6.31276
23840,24010,5.19292
23840,24203,0.941137
23840,24348,5.72739
23843,23733,3.12239
23843,23760,1.72569
23843,24199,2.23651
23843,24200,6.11569
23843,24220,8.70556
23843,27457,4.48384
23845,24005,4.24918
23845,24007,2.44675
23845,24025,2.8052
23845,24034,3.42907
23845,24215,3.23099
23845,24362,5.42343
23847,23851,6.35508
23847,24030,4.20934
23847,24197,6.48993
23847,24212,3.13984
23847,24213,6.20449
23847,27507,3.65568
23848,23820,7.55616
23848,23970,7.84274
23848,23971,2.48962
23848,24135,2.59994
23848,24217,3.37042
23848,24330,5.31406
23849,23760,6.68214
23849,24208,2.77421
23849,24358,1.45379
23849,24360,3.70191
23849,24361,1.50166
23849,27486,4.50687
23850,24013,2.40155
23850,24030,3.52431
23850,24212,2.36666
23850,24416,2.40702
23850,24458,2.69505
23850,24460,5.61373
23850,24461,1.28854
23851,23847,6.35508
23851,24031,6.30744
23851,24046,3.54429
23851,24213,7.9283
23851,27507,2.12684
23851,27509,9.70039
23852,23821,4.46076
23852,23833,13.5725
23852,23835,8.66134
23852,24243,5.89728
23852,24298,5.70978
23852,24308,11.1624
23855,24031,10.2184
23855,24046,4.25546
23855,24264,4.64384
23855,24284,2.7412
23856,23780,5.12107
23856,23866,6.08485
23856,23935,13.1251
23856,24027,4.83984
23856,24441,4.01177
23856,24442,4.22859
23857,23804,4.56079
23857,23863,2.40192
23857,24042,6.93384
23857,24244,7.29268
23857,24260,3.75448
23858,23767,2.74748
23858,23804,2.43315
23858,24233,5.97736
23858,24244,5.37713
23858,24261,5.08401
23858,24262,7.48251
23863,23857,2.40192
23863,24244,3.08819
23863,24260,7.42078
23863,24278,8.80783
23863,24290,3.44107
23864,23782,2.96633
23864,23949,4.70037
23864,24096,4.09677
23864,24107,7.24251
23864,24148,9.41034
23864,24154,8.74515
23866,23780,6.43954
23866,23856,6.08485
23866,24027,3.43282
23866,24028,7.41132
23866,24320,4.0744
23867,23868,6.81767
23867,23926,7.66255
23867,24240,3.03736
23867,24271,4.89918
23867,24275,4.28105
23868,23867,6.81767
23868,23926,4.61167
23868,24052,4.31767
23868,24240,1.39421
23868,24272,4.60283
23868,24296,2.86712
23871,23783,9.05079
23871,24020,7.44345
23871,24113,5.35466
23871,24123,7.74838
23871,24139,5.15021
23872,23766,1.58127
23872,23931,5.25067
23872,24056,5.52456
23872,24255,2.35242
23872,24256,8.08358
23872,24277,6.41134
23872,24287,2.71429
23873,23875,17.1858
23873,24002,9.58974
23873,24138,12.9252
23873,24227,21.7473
23875,23873,17.1858
23875,23961,9.09045
23875,24138,9.51567
23876,23770,2.73182
23876,24283,8.53569
23876,24294,2.5753
23876,24303,3.70295
23876,27463,8.81352
23877,23933,5.1216
23877,24300,4.67247
23877,24301,4.14031
23877,24398,2.32291
23877,24399,4.40261
23877,24407,4.74459
23878,23887,1.75848
23878,23926,5.84523
23878,23936,5.3261
23878,24062,6.7615
23878,24075,4.96672
23878,24286,3.52632
23880,23810,5.96062
23880,24063,1.69203
23880,24076,2.49846
23880,24287,3.3309
23880,24289,4.74231
23880,24316,6.71424
23887,23778,4.48856
23887,23878,1.75848
23887,23936,9.04539
23887,23947,3.4043
23887,24075,6.1303
23887,24377,8.00636
23894,23778,3.24275
23894,23947,7.27097
23894,24095,6.17165
23894,24111,5.56951
23894,24112,4.57486
23894,24314,1.71263
23894,24315,6.2862
23898,23735,6.13391
23898,23766,3.65416
23898,24052,5.16169
23898,24255,6.14777
23899,23765,8.02372
23899,23823,5.1393
23899,24021,17.277
23899,24069,9.88412
23899,24152,2.72351
23901,24046,6.57973
23901,24264,3.48061
23901,24282,3.77144
23901,24283,10.6324
23901,24294,2.33312
23901,27510,4.46439
23902,23935,7.04267
23902,24006,5.14249
23902,24009,9.51031
23902,24201,3.90241
23902,27502,14.3144
23902,27503,2.68169
23905,23922,4.87195
23905,23932,7.27142
23905,24065,5.30617
23905,24291,6.32617
23905,24312,2.94767
23906,23810,3.02587
23906,23811,9.82047
23906,23931,4.78149
23906,24056,3.36581
23906,24076,2.2502
23906,24315,3.70679
23908,23749,9.43499
23908,23910,6.34468
23908,23960,10.365
23908,23964,4.36356
23908,24128,1.0879
23910,23908,6.34468
23910,23956,11.652
23910,23964,5.21266
23910,23965,2.35655
23911,23791,7.50645
23911,27473,10.9321
23912,23958,0.180921
23912,23979,9.47513
23912,24143,5.44164
23912,24144,12.126
23912,24162,4.63573
23915,24000,2.24141
23915,24167,4.21665
23915,24178,4.02318
23915,24421,3.19572
23915,24422,2.63704
23915,24473,8.09074
23915,24474,0.150908
23917,23807,3.69304
23917,23918,2.77496
23917,24053,13.818
23917,24252,3.53179
23917,24268,10.5304
23918,23807,4.4378
23918,23917,2.77496
23918,23919,5.1755
23918,23924,3.19046
23918,24252,5.65865
23918,24449,5.82275
23919,23918,5.1755
23919,23924,4.46191
23919,24365,2.31008
23919,24367,6.4156
23919,24370,1.36177
23919,24448,1.7746
23919,24449,2.56505
23920,23930,2.1774
23920,24269,7.38939
23920,24285,3.32894
23920,24363,0.634666
23920,24366,6.193
23920,24368,2.76634
23920,24469,4.16843
23921,24063,3.1851
23921,24259,3.63015
23921,24273,2.17445
23921,24289,3.52321
23921,24290,4.79174
23921,24299,5.38359
23922,23905,4.87195
23922,23932,1.12169
23922,24261,5.17435
23922,24262,2.91198
23922,24291,4.59067
23922,24292,8.02732
23924,23807,6.87732
23924,23918,3.19046
23924,23919,4.46191
23924,24370,2.94903
23924,24373,4.02337
23926,23867,7.66255
23926,23868,4.61167
23926,23878,5.84523
23926,23936,7.44077
23926,24275,0.793082
23926,24286,1.97535
23926,24296,6.7259
23926,24314,4.48493
23928,23976,4.85025
23928,24002,13.3618
23928,24187,3.12279
23928,24227,6.35388
23928,24230,13.0977
23928,24304,21.6229
23930,23920,2.1774
23930,24062,4.00362
23930,24285,6.5503
23930,24371,7.76704
23930,24439,0.729348
23930,24469,4.35126
23931,23810,7.24374
23931,23872,5.25067
23931,23906,4.78149
23931,24056,7.50725
23931,24287,5.914
23932,23905,7.27142
23932,23922,1.12169
23932,23933,4.72343
23932,24292,3.77136
23932,24300,2.9503
23932,24312,3.90017
23932,27437,3.1886
23932,27438,4.06334
23933,23877,5.1216
23933,23932,4.72343
23933,23939,5.47636
23933,24300,6.24344
23933,24407,0.762467
23933,27437,3.27896
23935,23780,2.94111
23935,23856,13.1251
23935,23902,7.04267
23935,24009,1.48901
23935,24441,1.48759
23935,27500,7.45884
23935,27501,7.6659
23935,27502,2.52207
23936,23878,5.3261
23936,23887,9.04539
23936,23926,7.44077
23936,23947,1.9554
23936,24314,5.74436
23939,23933,5.47636
23939,23943,3.09217
23939,24407,6.45037
23939,27433,3.50652
23939,27437,3.88305
23942,23738,4.86046
23942,24080,4.68482
23942,24091,12.7037
23942,24309,12.5445
23942,24319,7.38646
23943,23939,3.09217
23943,27437,3.9137
23943,27438,2.31813
23947,23778,5.30153
23947,23887,3.4043
23947,23894,7.27097
23947,23936,1.9554
23947,24314,6.21639
23949,23782,5.54129
23949,23864,4.70037
23949,24123,12.5139
23949,24148,6.06221
23949,24189,5.69252
23949,24251,3.39527
23950,23819,6.57874
23950,23820,4.64055
23950,23822,3.44652
23950,23971,8.17583
23950,23980,2.02714
23956,23789,4.76334
23956,23910,11.652
23956,23965,3.03275
23957,23790,11.9516
23957,23835,5.9266
23957,23959,4.15245
23957,24187,5.58316
23957,24247,7.29633
23958,23912,0.180921
23958,24131,3.94769
23958,24132,4.8038
23958,24143,8.51737
23958,24144,6.05669
23959,23821,6.14324
23959,23835,8.32291
23959,23957,4.15245
23959,24247,6.27128
23959,24336,3.6872
23960,23749,5.46015
23960,23816,4.74485
23960,23908,10.365
23960,23975,4.36499
23960,23977,7.30908
23960,24128,4.15974
23960,24137,6.22026
23960,27493,2.10508
23961,23740,6.2621
23961,23875,9.09045
23961,24069,7.74967
23961,24138,8.83687
23961,24306,4.62728
23962,23780,4.59635
23962,24168,6.00674
23962,24320,9.33999
23962,24321,7.46545
23962,27498,7.13338
23962,27499,9.20105
23964,23749,4.51283
23964,23827,3.62317
23964,23908,4.36356
23964,23910,5.21266
23964,23965,12.2638
23964,24153,8.34357
23965,23789,8.12559
23965,23827,4.40581
23965,23910,2.35655
23965,23956,3.03275
23965,23964,12.2638
23965,24149,1.78721
23969,24047,7.16886
23969,24095,3.89879
23969,24104,6.34476
23969,24105,2.97224
23969,24112,4.29493
23970,23848,7.84274
23970,23971,6.34982
23970,24006,6.3645
23970,24135,2.82801
23970,24158,8.34483
23970,24201,1.46991
23971,23820,2.31236
23971,23848,2.48962
23971,23950,8.17583
23971,23970,6.34982
23971,23980,2.44775
23971,24006,5.31641
23971,24009,6.98771
23974,23752,6.60445
23974,23975,5.25593
23974,24137,8.55127
23974,24144,8.36282
23974,24162,6.15251
23975,23752,5.85987
23975,23960,4.36499
23975,23974,5.25593
23975,23977,11.1636
23975,24137,9.44209
23975,24346,4.26378
23976,23790,4.88184
23976,23928,4.85025
23976,24187,20.5923
23976,24230,7.32855
23976,24280,14.5667
23977,23749,1.08759
23977,23826,7.59463
23977,23960,7.30908
23977,23975,11.1636
23977,24164,3.90936
23977,24346,5.293
23979,23912,9.47513
23979,23990,10.6831
23979,24143,3.17637
23979,24151,8.01447
23979,24161,3.88637
23979,24162,4.22206
23980,23819,2.48707
23980,23950,2.02714
23980,23971,2.44775
23980,24009,3.96005
23980,24441,5.01693
23980,24442,2.06515
23980,27459,4.40844
23981,24155,10.6971
23981,24167,0.298213
23981,24169,4.19516
23981,24474,3.07576
23985,23828,12.5543
23985,23986,18.4471
23985,24168,6.683
23985,24243,9.9925
23985,24308,5.63356
23985,27496,9.60748
23985,27497,4.01675
23986,23985,18.4471
23986,24243,2.94362
23986,24245,4.88752
23986,24304,25.1852
23986,27497,7.21952
23989,23755,6.05301
23989,24157,3.07527
23989,24161,9.10776
23989,24199,4.46205
23989,24200,2.61476
23989,27456,2.75132
23990,23979,10.6831
23990,24161,2.99988
23990,24162,2.33947
23990,24173,3.56649
23990,24357,2.40055
23990,24465,2.1698
23990,27455,3.69829
23990,27456,6.63407
23992,23996,3.96105
23992,24184,9.11351
23992,24348,4.66493
23992,24354,3.98646
23992,24447,6.7568
23992,27483,1.28784
23992,27490,2.50456
23993,23834,5.72989
23993,24338,1.48338
23993,24339,4.389
23993,27481,4.71941
23993,27482,0.63024
23993,27489,7.69194
23993,27494,0.238027
23996,23992,3.96105
23996,23997,6.42881
23996,24008,6.45324
23996,24184,3.7422
23996,24210,5.6756
23996,24348,7.00109
23997,23840,7.39679
23997,23996,6.42881
23997,24010,3.15345
23997,24016,7.12427
23997,24210,2.07466
23997,24348,3.05806
23998,23834,5.5703
23998,23840,6.31276
23998,24203,6.03693
23998,24338,3.71123
23998,27454,6.2543
23999,24000,3.51242
23999,24012,5.41133
23999,24178,5.4445
23999,24341,4.93466
23999,24342,0.808547
23999,24411,3.67572
24000,23915,2.24141
24000,23999,3.51242
24000,24178,1.91554
24000,24411,4.98123
24000,24412,2.29623
24000,24413,1.52981
24000,24473,1.84816
24001,24013,6.65774
24001,24188,4.47212
24001,24212,3.47712
24001,24414,1.54021
24001,24415,1.87188
24002,23873,9.58974
24002,23928,13.3618
24002,24138,6.7166
24002,24227,4.28022
24002,24230,9.20452
24002,24249,12.924
24005,23845,4.24918
24005,24007,3.33873
24005,24358,2.52801
24005,24362,5.02348
24005,24466,5.0485
24005,24467,3.7604
24005,27483,1.50271
24006,23902,5.14249
24006,23970,6.3645
24006,23971,5.31641
24006,24009,6.61649
24006,24201,9.41437
24007,23845,2.44675
24007,24005,3.33873
24007,24008,6.53058
24007,24184,0.743228
24007,24215,5.85595
24007,24467,6.22647
24008,23996,6.45324
24008,24007,6.53058
24008,24184,5.02426
24008,24210,3.01317
24008,24215,6.45142
24009,23902,9.51031
24009,23935,1.48901
24009,23971,6.98771
24009,23980,3.96005
24009,24006,6.61649
24009,24441,6.7235
24010,23840,5.19292
24010,23997,3.15345
24010,24016,4.39232
24010,24017,7.4765
24010,24203,6.14386
24010,24211,1.10462
24012,23796,4.91032
24012,23798,2.67419
24012,23999,5.41133
24012,24019,5.2334
24012,24341,0.256543
24012,24411,2.79228
24012,27453,1.59056
24013,23850,2.40155
24013,24001,6.65774
24013,24212,3.65592
24013,24413,3.72385
24013,24414,1.4273
24013,24416,5.08079
24015,23799,6.49604
24015,24197,6.00855
24015,24213,6.29055
24016,23997,7.12427
24016,24010,4.39232
24016,24017,3.30211
24016,24026,2.87734
24016,24210,7.48205
24016,24223,5.15896
24017,23761,3.22778
24017,24010,7.4765
24017,24016,3.30211
24017,24211,5.47937
24017,24223,5.57028
24017,24224,4.36284
24018,23800,4.98037
24018,24203,3.5101
24018,24211,2.86271
24018,24225,3.06206
24018,24226,4.91896
24018,24233,2.55282
24018,27454,7.12435
24019,23764,2.6432
24019,23798,5.3643
24019,23800,3.9118
24019,24012,5.2334
24019,24029,2.83462
24019,27453,4.32388
24020,23765,8.04741
24020,23871,7.44345
24020,24123,4.55455
24020,24139,7.7037
24020,24251,15.015
24020,24306,8.81768
24021,23791,9.90029
24021,23823,7.57989
24021,23899,17.277
24021,24055,4.2218
24023,23733,3.1469
24023,23802,6.83104
24023,24207,8.60782
24023,24219,2.77602
24023,24235,3.33736
24023,24451,2.76697
24025,23735,3.8935
24025,23845,2.8052
24025,24034,6.82841
24025,24052,4.75358
24025,24215,6.73828
24025,24216,3.04471
24025,24240,2.02779
24026,23735,3.42765
24026,23766,2.67168
24026,24016,2.87734
24026,24041,6.08061
24026,24210,5.81437
24026,24216,2.51831
24026,24223,7.63245
24026,24232,1.66199
24027,23832,2.03548
24027,23856,4.83984
24027,23866,3.43282
24027,24028,5.11397
24027,24182,6.73903
24027,24442,3.71462
24028,23832,4.33752
24028,23866,7.41132
24028,24027,5.11397
24028,24297,4.47091
24028,24320,1.31757
24029,23764,8.24182
24029,23767,0.977732
24029,23800,7.15891
24029,24019,2.83462
24029,24233,6.00115
24030,23847,4.20934
24030,23850,3.52431
24030,24212,4.10303
24030,24457,1.98362
24030,24458,3.08036
24030,27507,2.67813
24031,23799,5.53468
24031,23851,6.30744
24031,23855,10.2184
24031,24046,9.10817
24031,24213,4.4736
24034,23845,3.42907
24034,24025,6.82841
24034,24240,5.79941
24034,24362,1.56043
24034,24396,5.12392
24036,23761,7.64221
24036,23803,4.662
24036,23804,3.1671
24036,24042,4.18681
24036,24224,2.44085
24036,24242,2.01785
24037,24231,9.23003
24037,24239,4.16314
24037,24363,1.21383
24037,24364,5.81402
24037,24450,3.80659
24039,23786,1.44574
24039,24136,7.5524
24039,24142,2.74439
24039,24145,6.10014
24039,24379,1.79845
24041,23766,4.57158
24041,24026,6.08061
24041,24232,7.95992
24041,24256,5.18015
24041,24257,4.64702
24041,24258,2.80697
24042,23804,3.38847
24042,23857,6.93384
24042,24036,4.18681
24042,24242,5.76191
24042,24260,0.251919
24043,24047,3.26666
24043,24111,1.09577
24043,24112,8.77032
24043,24145,2.96891
24046,23851,3.54429
24046,23855,4.25546
24046,23901,6.57973
24046,24031,9.10817
24046,24264,7.10055
24046,27509,4.83891
24046,27510,3.40882
24047,23969,7.16886
24047,24043,3.26666
24047,24112,0.715372
24049,23802,4.54166
24049,24235,3.99239
24049,24252,6.18696
24049,24449,4.02508
24050,24221,1.71581
24050,24231,3.06889
24050,24269,3.20804
24050,24360,4.26077
24050,24363,6.72953
24050,24395,3.97157
24051,24205,7.6245
24051,24297,7.84365
24051,24298,4.52816
24052,23735,2.04226
24052,23868,4.31767
24052,23898,5.16169
24052,24025,4.75358
24052,24240,7.91135
24052,24255,2.20467
24052,24272,3.99148
24053,23738,14.2331
24053,23807,3.82744
24053,23917,13.818
24053,24309,3.65741
24055,23791,8.3029
24055,23823,6.34549
24055,24021,4.2218
24055,24172,6.57125
24055,24332,3.86839
24055,27470,9.19486
24056,23872,5.52456
24056,23906,3.36581
24056,23931,7.50725
24056,24277,2.18581
24056,24296,6.05585
24056,24315,6.27655
24058,23770,7.50853
24058,24284,3.27183
24058,27463,4.78985
24058,27464,1.63293
24062,23878,6.7615
24062,23930,4.00362
24062,24075,1.9165
24062,24285,3.48605
24062,24286,3.52662
24062,24439,3.65301
24063,23880,1.69203
24063,23921,3.1851
24063,24072,6.01811
24063,24289,9.717
24063,24299,3.6753
24063,24311,2.94722
24063,24316,3.18614
24064,24065,11.1661
24064,24278,2.37731
24064,24290,5.41819
24064,24291,2.97806
24064,24299,3.34174
24064,24311,6.67188
24065,23905,5.30617
24065,24064,11.1661
24065,24073,7.99417
24065,24291,3.40823
24065,24312,5.58093
24067,24303,6.14449
24067,24313,12.0581
24067,27463,8.43171
24067,27464,4.4287
24067,27518,1.76925
24069,23765,6.81876
24069,23899,9.88412
24069,23961,7.74967
24069,24306,10.2169
24070,24080,4.29078
24070,24309,3.9741
24070,24373,4.46065
24070,24374,5.2684
24072,24063,6.01811
24072,24084,1.89909
24072,24311,5.50111
24072,24316,5.36989
24073,24065,7.99417
24073,24312,3.64104
24075,23878,4.96672
24075,23887,6.1303
24075,24062,1.9165
24075,24377,0.719633
24075,24439,7.98339
24075,24443,2.31201
24075,24445,1.45398
24075,24446,4.14613
24076,23810,8.4377
24076,23811,3.94812
24076,23813,8.30687
24076,23880,2.49846
24076,23906,2.2502
24076,24084,1.98616
24076,24316,4.07586
24080,23942,4.68482
24080,24070,4.29078
24080,24091,1.67977
24080,24092,1.77688
24080,24110,3.29639
24080,24309,2.67272
24080,24330,5.90366
24080,24374,3.22639
24084,23813,2.99994
24084,24072,1.89909
24084,24076,1.98616
24084,24316,6.09455
24086,24097,9.36152
24086,24114,2.64377
24086,24326,13.1705
24088,24313,8.8771
24088,27443,9.04027
24088,27464,3.04172
24088,27465,3.63111
24088,27466,3.51603
24088,27467,10.1011
24091,23942,12.7037
24091,24080,1.67977
24091,24110,11.2262
24091,24319,3.93608
24092,23820,3.81504
24092,23822,2.07673
24092,24080,1.77688
24092,24330,5.03207
24092,24374,3.92761
24092,24387,4.44669
24092,24388,2.46739
24095,23811,4.97484
24095,23894,6.17165
24095,23969,3.89879
24095,24104,6.03376
24095,24112,5.92174
24095,24315,1.71518
24096,23864,4.09677
24096,24106,4.63498
24096,24107,8.49287
24096,24154,9.50656
24097,24086,9.36152
24097,24098,12.8256
24097,24114,3.90875
24098,24097,12.8256
24098,24114,3.18662
24098,24172,2.54007
24098,24332,10.8043
24104,23811,7.10803
24104,23813,2.21502
24104,23969,6.34476
24104,24095,6.03376
24104,24105,2.60895
24105,23813,5.96187
24105,23969,2.97224
24105,24104,2.60895
24106,23790,7.9103
24106,24096,4.63498
24106,24154,4.82426
24106,24280,4.08852
24107,23782,13.4491
24107,23864,7.24251
24107,24096,8.49287
24110,24080,3.29639
24110,24091,11.2262
24110,24217,11.0336
24110,24330,6.19241
24111,23778,2.67763
24111,23894,5.56951
24111,24043,1.09577
24111,24112,4.2152
24111,24145,7.13114
24112,23894,4.57486
24112,23969,4.29493
24112,24043,8.77032
24112,24047,0.715372
24112,24095,5.92174
24112,24111,4.2152
24113,23783,5.05802
24113,23871,5.35466
24113,24114,9.72771
24113,24139,7.69246
24113,24326,5.26749
24114,23823,6.81125
24114,24086,2.64377
24114,24097,3.90875
24114,24098,3.18662
24114,24113,9.72771
24114,24139,5.97156
24114,24152,0.752325
24114,24172,12.3463
24114,24326,6.77349
24123,23782,3.61859
24123,23783,3.73715
24123,23871,7.74838
24123,23949,12.5139
24123,24020,4.55455
24123,24251,2.14215
24128,23816,10.2874
24128,23908,1.0879
24128,23960,4.15974
24131,23958,3.94769
24131,24132,7.55934
24131,27492,8.14943
24132,23958,4.8038
24132,24131,7.55934
24132,24137,5.88397
24132,24144,4.84249
24132,27492,0.93436
24132,27493,7.36647
24135,23848,2.59994
24135,23970,2.82801
24135,24158,6.59835
24135,24217,11.8709
24136,23746,1.1522
24136,23751,5.43855
24136,24039,7.5524
24136,24146,1.67714
24136,24379,2.54857
24137,23960,6.22026
24137,23974,8.55127
24137,23975,9.44209
24137,24132,5.88397
24137,24144,2.75349
24137,27493,9.36204
24138,23740,13.3532
24138,23873,12.9252
24138,23875,9.51567
24138,23961,8.83687
24138,24002,6.7166
24138,24249,6.16056
24139,23765,3.78045
24139,23871,5.15021
24139,24020,7.7037
24139,24113,7.69246
24139,24114,5.97156
24139,24152,8.46733
24142,23748,3.62873
24142,23786,7.70226
24142,24039,2.74439
24142,24379,5.16979
24142,24380,1.59246
24142,24443,1.42736
24143,23825,4.47583
24143,23912,5.44164
24143,23958,8.51737
24143,23979,3.17637
24143,24151,6.70214
24144,23912,12.126
24144,23958,6.05669
24144,23974,8.36282
24144,24132,4.84249
24144,24137,2.75349
24144,24162,1.00039
24145,23778,1.36614
24145,23786,3.31964
24145,24039,6.10014
24145,24043,2.96891
24145,24111,7.13114
24146,23751,2.57954
24146,24136,1.67714
24148,23864,9.41034
24148,23949,6.06221
24148,24154,2.51444
24148,24189,9.50616
24148,24230,10.5714
24149,23789,5.06107
24149,23827,8.25373
24149,23965,1.78721
24149,24155,5.12201
24149,24167,3.64879
24149,24422,6.349
24151,23825,8.51529
24151,23979,8.01447
24151,24143,6.70214
24151,24157,6.27302
24151,24161,6.63645
24152,23765,14.7195
24152,23823,11.143
24152,23899,2.72351
24152,24114,0.752325
24152,24139,8.46733
24153,23749,6.85101
24153,23827,2.59862
24153,23964,8.34357
24153,24165,5.47785
24153,27452,6.97117
24154,23864,8.74515
24154,24096,9.50656
24154,24106,4.82426
24154,24148,2.51444
24154,24230,3.6551
24154,24280,16.364
24155,23981,10.6971
24155,24149,5.12201
24155,24167,3.70029
24157,23755,8.58402
24157,23825,7.46024
24157,23831,1.51611
24157,23989,3.07527
24157,24151,6.27302
24157,24161,2.66353
24158,23970,8.34483
24158,24135,6.59835
24158,24201,6.93434
24159,23746,7.00898
24159,23751,1.72876
24159,23832,1.61031
24159,24182,6.99058
24159,27458,4.53911
24161,23979,3.88637
24161,23989,9.10776
24161,23990,2.99988
24161,24151,6.63645
24161,24157,2.66353
24161,27456,4.5895
24162,23752,4.27023
24162,23912,4.63573
24162,23974,6.15251
24162,23979,4.22206
24162,23990,2.33947
24162,24144,1.00039
24162,24173,6.09332
24162,24174,2.00656
24164,23826,5.70436
24164,23977,3.90936
24164,24165,3.29995
24164,24344,2.3035
24164,24346,3.4705
24164,24347,1.14371
24164,27488,3.26742
24165,23749,0.448154
24165,23826,5.13651
24165,24153,5.47785
24165,24164,3.29995
24165,24344,5.60767
24165,27452,3.34457
24167,23915,4.21665
24167,23981,0.298213
24167,24149,3.64879
24167,24155,3.70029
24167,24422,4.03671
24167,24474,7.41516
24168,23828,9.81208
24168,23962,6.00674
24168,23985,6.683
24168,24321,7.62017
24168,27496,6.8825
24168,27498,16.0147
24169,23981,4.19516
24169,24414,3.54146
24169,24415,2.33567
24169,24474,6.54752
24172,23823,8.01211
24172,24055,6.57125
24172,24098,2.54007
24172,24114,12.3463
24172,24332,8.83378
24173,23990,3.56649
24173,24162,6.09332
24173,24174,4.19274
24173,24465,5.63933
24174,23752,4.68417
24174,24162,2.00656
24174,24173,4.19274
24174,24355,1.68881
24174,24465,1.48293
24174,27485,4.8122
24178,23915,4.02318
24178,23999,5.4445
24178,24000,1.91554
24178,24342,2.90635
24178,24421,5.18827
24178,27449,0.689342
24182,23832,3.4621
24182,24027,6.73903
24182,24159,6.99058
24182,24442,4.82899
24182,27458,0.271724
24184,23992,9.11351
24184,23996,3.7422
24184,24007,0.743228
24184,24008,5.02426
24184,24467,5.92281
24184,27483,3.83052
24187,23790,1.51966
24187,23835,7.46313
24187,23928,3.12279
24187,23957,5.58316
24187,23976,20.5923
24187,24245,11.4401
24187,24304,6.41482
24188,24001,4.47212
24188,24197,5.51976
24188,24212,2.01105
24188,24415,6.07821
24189,23949,5.69252
24189,24148,9.50616
24189,24230,8.01429
24189,24249,8.5062
24189,24251,7.77075
24197,23847,6.48993
24197,24015,6.00855
24197,24188,5.51976
24197,24212,7.63149
24197,24213,4.06489
24199,23733,5.50681
24199,23755,3.10536
24199,23843,2.23651
24199,23989,4.46205
24199,24200,3.93596
24199,24452,4.76867
24200,23843,6.11569
24200,23989,2.61476
24200,24199,3.93596
24200,27456,8.54489
24200,27457,4.4162
24201,23902,3.90241
24201,23970,1.46991
24201,24006,9.41437
24201,24158,6.93434
24201,27503,12.1635
24203,23840,0.941137
24203,23998,6.03693
24203,24010,6.14386
24203,24018,3.5101
24203,24211,6.76652
24203,27454,4.87105
24205,23833,4.83321
24205,24051,7.6245
24205,24298,2.42627
24207,23733,3.04281
24207,24023,8.60782
24207,24219,4.81777
24207,24452,5.99013
24207,24453,5.30201
24208,23760,0.532589
24208,23849,2.77421
24208,24357,1.89985
24208,24358,4.58269
24208,24359,2.33701
24208,27455,2.33161
24208,27457,2.5374
24210,23996,5.6756
24210,23997,2.07466
24210,24008,3.01317
24210,24016,7.48205
24210,24026,5.81437
24210,24215,3.67537
24210,24216,6.30471
24211,23761,5.11306
24211,24010,1.10462
24211,24017,5.47937
24211,24018,2.86271
24211,24203,6.76652
24211,24225,4.74996
24212,23847,3.13984
24212,23850,2.36666
24212,24001,3.47712
24212,24013,3.65592
24212,24030,4.10303
24212,24188,2.01105
24212,24197,7.63149
24213,23799,4.50529
24213,23847,6.20449
24213,23851,7.9283
24213,24015,6.29055
24213,24031,4.4736
24213,24197,4.06489
24215,23845,3.23099
24215,24007,5.85595
24215,24008,6.45142
24215,24025,6.73828
24215,24210,3.67537
24215,24216,6.68465
24216,23735,8.38044
24216,24025,3.04471
24216,24026,2.51831
24216,24210,6.30471
24216,24215,6.68465
24217,23848,3.37042
24217,24110,11.0336
24217,24135,11.8709
24217,24330,3.38813
24219,23802,2.79312
24219,24023,2.77602
24219,24207,4.81777
24220,23733,2.94104
24220,23760,1.09965
24220,23843,8.70556
24220,24221,2.80438
24220,24231,6.77295
24220,24450,2.58319
24221,23760,5.94392
24221,24050,1.71581
24221,24220,2.80438
24221,24231,6.12997
24221,24360,6.55104
24223,24016,5.15896
24223,24017,5.57028
24223,24026,7.63245
24223,24224,5.5044
24223,24232,6.18324
24224,23761,4.4536
24224,23803,7.46914
24224,24017,4.36284
24224,24036,2.44085
24224,24223,5.5044
24224,24232,3.1234
24225,23761,4.55486
24225,23804,4.09664
24225,24018,3.06206
24225,24211,4.74996
24225,24226,7.50004
24226,23804,3.86205
24226,24018,4.91896
24226,24225,7.50004
24226,24233,6.51779
24227,23873,21.7473
24227,23928,6.35388
24227,24002,4.28022
24227,24304,21.006
24230,23928,13.0977
24230,23976,7.32855
24230,24002,9.20452
24230,24148,10.5714
24230,24154,3.6551
24230,24189,8.01429
24230,24249,3.07197
24230,24280,4.53156
24231,24037,9.23003
24231,24050,3.06889
24231,24220,6.77295
24231,24221,6.12997
24231,24363,0.512804
24231,24450,2.89187
24232,23803,4.65145
24232,24026,1.66199
24232,24041,7.95992
24232,24223,6.18324
24232,24224,3.1234
24232,24241,1.96087
24232,24258,3.33368
24233,23767,9.55885
24233,23800,3.12872
24233,23804,5.00479
24233,23858,5.97736
24233,24018,2.55282
24233,24029,6.00115
24233,24226,6.51779
24235,23802,5.56472
24235,24023,3.33736
24235,24049,3.99239
24235,24239,4.30526
24235,24448,1.58536
24235,24449,2.94681
24235,24450,0.986297
24235,24451,4.89235
24236,23764,0.609979
24236,23767,9.072
24236,24246,6.4048
24236,24419,3.88899
24236,24455,3.02509
24236,24456,3.56597
24239,24037,4.16314
24239,24235,4.30526
24239,24364,2.84869
24239,24365,1.86559
24239,24448,4.05485
24239,24450,3.35709
24240,23867,3.03736
24240,23868,1.39421
24240,24025,2.02779
24240,24034,5.79941
24240,24052,7.91135
24240,24271,3.9213
24240,24393,4.42047
24240,24396,2.6757
24241,23803,6.36399
24241,24232,1.96087
24241,24242,3.75465
24241,24258,6.56812
24241,24259,6.34991
24241,24273,1.43653
24242,23803,4.60102
24242,24036,2.01785
24242,24042,5.76191
24242,24241,3.75465
24242,24259,2.36788
24242,24260,6.08582
24243,23835,9.20896
24243,23852,5.89728
24243,23985,9.9925
24243,23986,2.94362
24243,24245,18.3953
24243,24308,10.9384
24244,23804,1.72771
24244,23857,7.29268
24244,23858,5.37713
24244,23863,3.08819
24244,24261,6.80346
24244,24278,2.69254
24244,24291,2.84689
24245,23835,6.11377
24245,23986,4.88752
24245,24187,11.4401
24245,24243,18.3953
24245,24304,12.5168
24246,24236,6.4048
24246,24419,2.10111
24246,24456,3.73425
24246,24459,3.0387
24246,27534,3.30654
24247,23790,2.65272
24247,23957,7.29633
24247,23959,6.27128
24247,24336,4.83458
24249,23740,6.41275
24249,24002,12.924
24249,24138,6.16056
24249,24189,8.5062
24249,24230,3.07197
24249,24251,8.41418
24251,23740,8.80074
24251,23949,3.39527
24251,24020,15.015
24251,24123,2.14215
24251,24189,7.77075
24251,24249,8.41418
24251,24306,2.95847
24252,23917,3.53179
24252,23918,5.65865
24252,24049,6.18696
24252,24268,4.77946
24252,24449,2.30465
24255,23766,5.05338
24255,23872,2.35242
24255,23898,6.14777
24255,24052,2.20467
24255,24272,4.80794
24255,24277,4.86378
24256,23766,7.32375
24256,23872,8.08358
24256,24041,5.18015
24256,24257,8.01058
24256,24287,3.52198
24257,24041,4.64702
24257,24256,8.01058
24257,24258,4.65078
24257,24287,0.293798
24257,24288,6.76733
24258,24041,2.80697
24258,24232,3.33368
24258,24241,6.56812
24258,24257,4.65078
24258,24273,7.66289
24258,24288,0.908986
24259,23921,3.63015
24259,24241,6.34991
24259,24242,2.36788
24259,24260,4.78554
24259,24273,5.09863
24259,24290,3.52048
24260,23857,3.75448
24260,23863,7.42078
24260,24042,0.251919
24260,24242,6.08582
24260,24259,4.78554
24260,24290,4.25917
24261,23858,5.08401
24261,23922,5.17435
24261,24244,6.80346
24261,24262,3.7788
24261,24291,3.71966
24262,23767,3.2947
24262,23858,7.48251
24262,23922,2.91198
24262,24261,3.7788
24262,24292,1.24367
24262,24398,4.83473
24262,24455,6.22027
24264,23855,4.64384
24264,23901,3.48061
24264,24046,7.10055
24264,24283,3.7067
24264,24284,11.0724
24268,23917,10.5304
24268,24252,4.77946
24269,23920,7.38939
24269,24050,3.20804
24269,24270,3.1207
24269,24285,0.78314
24269,24363,2.35025
24269,24395,2.4876
24270,24269,3.1207
24270,24271,0.507903
24270,24275,3.80592
24270,24285,6.0853
24270,24394,3.52319
24270,24395,2.82564
24271,23867,4.89918
24271,24240,3.9213
24271,24270,0.507903
24271,24275,8.26988
24271,24393,7.18986
24271,24394,3.49584
24272,23868,4.60283
24272,24052,3.99148
24272,24255,4.80794
24272,24277,6.94567
24272,24296,5.44783
24273,23921,2.17445
24273,24241,1.43653
24273,24258,7.66289
24273,24259,5.09863
24273,24288,3.62654
24273,24289,7.34293
24275,23867,4.28105
24275,23926,0.793082
24275,24270,3.80592
24275,24271,8.26988
24275,24285,2.47226
24275,24286,6.12995
24277,23872,6.41134
24277,24056,2.18581
24277,24255,4.86378
24277,24272,6.94567
24277,24296,3.88406
24278,23863,8.80783
24278,24064,2.37731
24278,24244,2.69254
24278,24290,4.80682
24278,24291,11.2556
24280,23790,4.02166
24280,23976,14.5667
24280,24106,4.08852
24280,24154,16.364
24280,24230,4.53156
24282,23901,3.77144
24282,24293,1.979
24282,24294,6.13536
24282,27510,8.51919
24282,27511,3.99363
24283,23770,1.66986
24283,23876,8.53569
24283,23901,10.6324
24283,24264,3.7067
24283,24284,3.87169
24283,24294,1.64456
24284,23770,5.79059
24284,23855,2.7412
24284,24058,3.27183
24284,24264,11.0724
24284,24283,3.87169
24285,23920,3.32894
24285,23930,6.5503
24285,24062,3.48605
24285,24269,0.78314
24285,24270,6.0853
24285,24275,2.47226
24285,24286,3.14472
24286,23878,3.52632
24286,23926,1.97535
24286,24062,3.52662
24286,24275,6.12995
24286,24285,3.14472
24287,23810,4.74928
24287,23872,2.71429
24287,23880,3.3309
24287,23931,5.914
24287,24256,3.52198
24287,24257,0.293798
24287,24288,8.57362
24287,24289,2.75878
24288,24257,6.76733
24288,24258,0.908986
24288,24273,3.62654
24288,24287,8.57362
24288,24289,4.54698
24289,23880,4.74231
24289,23921,3.52321
24289,24063,9.717
24289,24273,7.34293
24289,24287,2.75878
24289,24288,4.54698
24290,23863,3.44107
24290,23921,4.79174
24290,24064,5.41819
24290,24259,3.52048
24290,24260,4.25917
24290,24278,4.80682
24290,24299,5.37952
24291,23905,6.32617
24291,23922,4.59067
24291,24064,2.97806
24291,24065,3.40823
24291,24244,2.84689
24291,24261,3.71966
24291,24278,11.2556
24292,23922,8.02732
24292,23932,3.77136
24292,24262,1.24367
24292,24300,5.79648
24292,24398,3.45555
24293,24282,1.979
24293,24294,3.04785
24293,24303,3.07441
24293,24406,3.34386
24293,27511,2.69738
24293,27512,1.33874
24293,27518,0
24294,23876,2.5753
24294,23901,2.33312
24294,24282,6.13536
24294,24283,1.64456
24294,24293,3.04785
24294,24303,6.72445
24296,23868,2.86712
24296,23926,6.7259
24296,24056,6.05585
24296,24272,5.44783
24296,24277,3.88406
24296,24314,5.38248
24296,24315,2.88966
24297,24028,4.47091
24297,24051,7.84365
24297,24298,4.04831
24297,24320,11.918
24297,24321,2.50636
24298,23833,8.91741
24298,23852,5.70978
24298,24051,4.52816
24298,24205,2.42627
24298,24297,4.04831
24298,24308,3.85989
24298,24321,15.8413
24299,23921,5.38359
24299,24063,3.6753
24299,24064,3.34174
24299,24290,5.37952
24299,24311,6.54929
24300,23877,4.67247
24300,23932,2.9503
24300,23933,6.24344
24300,24292,5.79648
24300,24398,3.17458
24301,23877,4.14031
24301,24307,7.52753
24301,24407,2.14774
24303,23876,3.70295
24303,24067,6.14449
24303,24293,3.07441
24303,24294,6.72445
24303,24406,0
24303,27463,2.27351
24303,27518,7.06085
24304,23928,21.6229
24304,23986,25.1852
24304,24187,6.41482
24304,24227,21.006
24304,24245,12.5168
24304,27497,6.07569
24306,23740,14.4443
24306,23765,10.2813
24306,23961,4.62728
24306,24020,8.81768
24306,24069,10.2169
24306,24251,2.95847
24307,24301,7.52753
24307,24407,1.50324
24307,24408,3.21435
24307,27530,2.40498
24307,27531,3.14455
24307,27532,0.833209
24308,23828,12.032
24308,23852,11.1624
24308,23985,5.63356
24308,24243,10.9384
24308,24298,3.85989
24308,24321,2.31123
24309,23738,1.62623
24309,23807,7.43863
24309,23942,12.5445
24309,24053,3.65741
24309,24070,3.9741
24309,24080,2.67272
24309,24373,4.16949
24311,24063,2.94722
24311,24064,6.67188
24311,24072,5.50111
24311,24299,6.54929
24312,23905,2.94767
24312,23932,3.90017
24312,24065,5.58093
24312,24073,3.64104
24312,27438,4.89576
24313,24067,12.0581
24313,24088,8.8771
24313,27443,6.5592
24313,27464,3.8881
24313,27518,3.05745
24313,27526,3.15035
24314,23894,1.71263
24314,23926,4.48493
24314,23936,5.74436
24314,23947,6.21639
24314,24296,5.38248
24314,24315,7.88899
24315,23811,2.55176
24315,23894,6.2862
24315,23906,3.70679
24315,24056,6.27655
24315,24095,1.71518
24315,24296,2.88966
24315,24314,7.88899
24316,23880,6.71424
24316,24063,3.18614
24316,24072,5.36989
24316,24076,4.07586
24316,24084,6.09455
24319,23738,7.98099
24319,23942,7.38646
24319,24091,3.93608
24320,23780,7.60771
24320,23866,4.0744
24320,23962,9.33999
24320,24028,1.31757
24320,24297,11.918
24320,24321,3.22487
24321,23828,6.14633
24321,23962,7.46545
24321,24168,7.62017
24321,24297,2.50636
24321,24298,15.8413
24321,24308,2.31123
24321,24320,3.22487
24325,23782,7.53627
24325,23783,7.03802
24325,24326,7.98167
24325,27479,7.0883
24326,23783,7.31954
24326,24086,13.1705
24326,24113,5.26749
24326,24114,6.77349
24326,24325,7.98167
24326,27479,2.64233
24330,23820,3.8546
24330,23848,5.31406
24330,24080,5.90366
24330,24092,5.03207
24330,24110,6.19241
24330,24217,3.38813
24332,24055,3.86839
24332,24098,10.8043
24332,24172,8.83378
24332,27470,1.91631
24332,27471,12.9211
24336,23821,7.69753
24336,23959,3.6872
24336,24247,4.83458
24338,23796,4.70887
24338,23834,4.56328
24338,23993,1.48338
24338,23998,3.71123
24338,24339,6.40119
24338,27454,2.58601
24339,23796,0.669938
24339,23993,4.389
24339,24338,6.40119
24339,24340,7.85499
24339,27481,3.29871
24340,23796,2.198
24340,24339,7.85499
24340,24341,5.44358
24340,24342,3.74669
24340,24343,2.00923
24340,27481,0.425586
24341,23796,2.45356
24341,23999,4.93466
24341,24012,0.256543
24341,24340,5.44358
24341,24342,2.45666
24342,23999,0.808547
24342,24178,2.90635
24342,24340,3.74669
24342,24341,2.45666
24342,24343,0.792729
24342,27449,5.53687
24343,24340,2.00923
24343,24342,0.792729
24343,24344,1.83538
24343,27449,1.44275
24343,27451,3.93631
24343,27452,2.91336
24343,27481,4.32269
24343,27482,2.25474
24344,24164,2.3035
24344,24165,5.60767
24344,24343,1.83538
24344,27452,1.46862
24344,27482,3.6913
24344,27488,3.51726
24346,23752,3.21609
24346,23975,4.26378
24346,23977,5.293
24346,24164,3.4705
24346,24347,9.92589
24346,24355,1.6879
24347,24164,1.14371
24347,24346,9.92589
24347,24354,0.195416
24347,24355,1.80432
24347,24447,7.38633
