label, neighbor, wall area
1233,1425,1.71616
1233,1660,1.9705
1233,1662,7.98948
1235,1320,1.18421
1235,1376,3.75494
1235,1393,2.66666
1235,1397,4.79653
1235,1418,7.46019
1235,1451,1.85275
1241,1340,2.32709
1241,1341,4.92418
1241,1360,7.71225
1241,1361,1.6784
1241,1476,4.02846
1241,1629,1.58392
1241,1646,4.0446
1241,1657,4.80111
1251,1422,6.90659
1251,1436,2.98698
1251,1438,1.71624
1254,1355,9.29065
1254,1383,2.91939
1254,1458,3.33183
1254,1462,3.58997
1254,1493,5.97287
1254,1655,2.44779
1258,1439,4.26927
1258,1453,3.35584
1258,1472,2.66772
1258,1473,5.86324
1258,1474,3.17309
1263,1433,1.3743
1263,1469,8.66562
1263,1680,2.09466
1264,1422,4.58391
1264,1438,4.91736
1264,1439,6.2392
1264,1471,3.37845
1264,1472,5.79815
1264,1482,3.13084
1271,1472,7.97422
1271,1473,3.02581
1271,1498,4.63602
1271,1515,3.9228
1273,1297,4.24246
1273,1376,4.32558
1273,1411,1.86388
1273,1451,5.99515
1273,1483,3.99384
1273,1518,2.35365
1276,1470,0.883966
1276,1478,8.05338
1276,1496,5.15896
1276,1509,3.3291
1276,1522,1.98539
1276,1537,4.58639
1277,1278,5.56792
1277,1282,2.74942
1277,1473,3.65055
1277,1515,6.59536
1277,1527,3.89444
1277,1541,4.56319
1278,1277,5.56792
1278,1282,3.93712
1278,1473,3.75807
1278,1474,8.48127
1278,1484,3.22034
1279,1440,1.87448
1279,1441,4.78863
1279,1444,4.05152
1279,1511,4.79988
1279,1539,6.99637
1281,1471,3.5123
1281,1482,2.6286
1281,1496,3.7139
1281,1512,7.22534
1281,1524,2.75675
1282,1277,2.74942
1282,1278,3.93712
1282,1283,8.67284
1282,1484,3.33782
1282,1541,6.81007
1282,1556,2.77304
1282,1569,2.60394
1283,1282,8.67284
1283,1484,5.45121
1283,1499,3.91599
1283,1530,3.38408
1283,1544,4.00512
1283,1556,2.54747
1286,1297,6.77824
1286,1451,2.87018
1286,1486,6.12237
1286,1582,6.89771
1290,1343,5.95293
1290,1345,5.35053
1290,1362,3.18537
1290,1363,2.24168
1290,1669,6.31024
1292,1495,2.31954
1292,1509,1.41675
1292,1519,7.27865
1292,1534,7.02321
1292,1564,4.33054
1292,1679,2.90813
1293,1298,1.44772
1293,1302,1.86251
1293,1512,2.979
1293,1524,7.7049
1293,1540,4.29972
1293,1566,5.03009
1295,1303,2.48465
1295,1515,2.44996
1295,1526,6.56803
1295,1527,4.07013
1295,1552,5.37354
1295,1554,4.85079
1295,1567,3.3482
1295,1598,3.23859
1296,1307,1.71227
1296,1480,6.82763
1296,1483,3.15267
1296,1516,4.65593
1296,1518,2.65705
1296,1578,6.83162
1296,1580,2.18643
1297,1273,4.24246
1297,1286,6.77824
1297,1309,2.96843
1297,1451,1.97309
1297,1518,3.64028
1297,1580,1.84322
1297,1582,2.81459
1298,1293,1.44772
1298,1522,3.5383
1298,1524,2.42424
1298,1537,3.98562
1298,1549,1.85579
1298,1566,5.03664
1298,1581,3.34166
1298,1594,2.4631
1302,1293,1.86251
1302,1540,4.02947
1302,1566,8.20129
1302,1567,4.08661
1302,1594,2.20391
1302,1596,6.74192
1303,1295,2.48465
1303,1554,5.28372
1303,1568,5.25432
1303,1598,8.35544
1303,1606,2.70993
1303,1623,1.91121
1306,1373,2.17681
1306,1376,4.06077
1306,1379,5.15562
1306,1393,6.17591
1306,1659,4.94878
1307,1296,1.71227
1307,1319,1.6409
1307,1516,5.64262
1307,1574,4.79399
1307,1578,4.76473
1307,1635,3.47754
1307,1660,6.58894
1308,1568,4.54694
1308,1569,2.8176
1308,1600,6.72776
1308,1606,4.64033
1308,1639,4.03914
1308,1640,1.63962
1309,1297,2.96843
1309,1321,6.42701
1309,1580,6.45753
1309,1582,3.02119
1309,1643,4.98605
1310,1585,1.51332
1310,1610,6.94324
1310,1625,3.97668
1310,1642,1.50696
1312,1579,1.55728
1312,1591,5.23167
1312,1592,3.86649
1312,1629,4.04008
1312,1631,3.29054
1312,1646,4.39706
1312,1647,5.33705
1317,1330,3.76085
1317,1596,1.91977
1317,1605,5.4364
1317,1618,3.45375
1317,1620,4.47744
1317,1634,2.06172
1317,1671,4.74578
1319,1307,1.6409
1319,1321,4.122
1319,1578,6.22542
1319,1660,5.40056
1319,1662,4.81728
1320,1235,1.18421
1320,1380,2.35071
1320,1397,5.18302
1320,1418,3.03524
1320,1644,7.36178
1320,1661,2.85898
1320,1677,1.09767
1321,1309,6.42701
1321,1319,4.122
1321,1578,2.09817
1321,1580,3.84188
1321,1643,1.75073
1321,1662,6.02386
1321,1665,4.14628
1322,1604,5.4506
1322,1629,6.08752
1322,1657,6.78166
1323,1333,2.51432
1323,1582,8.18191
1323,1614,3.93024
1323,1643,3.25695
1323,1667,5.69203
1326,1327,6.82465
1326,1600,1.47044
1326,1607,5.66095
1326,1608,1.67505
1326,1640,5.03723
1326,1661,3.54639
1326,1677,2.52054
1327,1326,6.82465
1327,1337,3.21007
1327,1608,2.55939
1327,1609,0.996664
1327,1641,8.4801
1327,1677,1.91922
1328,1337,3.31532
1328,1347,5.03377
1328,1610,2.24503
1328,1641,5.55982
1328,1642,2.11409
1328,1663,3.82647
1330,1317,3.76085
1330,1363,6.63012
1330,1618,5.31769
1330,1648,1.91778
1330,1669,4.14558
1330,1671,3.64837
1333,1323,2.51432
1333,1614,6.11736
1333,1667,4.08937
1333,1670,6.33869
1334,1375,5.64793
1334,1576,2.31354
1334,1634,8.05057
1334,1651,2.33136
1334,1671,5.85793
1334,1673,3.90998
1336,1393,4.49181
1336,1397,7.67155
1336,1639,3.26459
1336,1640,2.61482
1336,1659,3.59625
1337,1327,3.21007
1337,1328,3.31532
1337,1347,4.56199
1337,1641,2.18558
1337,1644,3.0988
1337,1655,4.30067
1337,1677,4.07886
1340,1241,2.32709
1340,1341,6.6089
1340,1432,3.0269
1340,1476,6.81863
1341,1241,4.92418
1341,1340,6.6089
1341,1361,8.24451
1341,1432,7.01145
1341,1437,2.3595
1342,1343,7.95913
1342,1360,2.47838
1342,1361,5.95347
1342,1362,4.14507
1342,1440,2.847
1342,1441,3.16502
1343,1290,5.95293
1343,1342,7.95913
1343,1345,3.17929
1343,1362,2.9691
1343,1441,3.66781
1343,1444,3.38405
1345,1290,5.35053
1345,1343,3.17929
1345,1363,4.90685
1345,1368,2.94064
1345,1444,4.15505
1345,1445,3.78293
1345,1561,5.66073
1347,1328,5.03377
1347,1337,4.56199
1347,1410,4.89469
1347,1655,3.71769
1347,1663,1.17122
1348,1373,4.63232
1348,1375,5.12297
1348,1408,8.16371
1348,1411,1.56022
1348,1576,1.69794
1348,1590,2.84182
1355,1254,9.29065
1355,1410,3.21924
1355,1415,3.45058
1355,1462,2.36636
1355,1655,3.60541
1360,1241,7.71225
1360,1342,2.47838
1360,1361,5.41843
1360,1362,6.87287
1360,1646,3.82844
1360,1647,3.54556
1361,1241,1.6784
1361,1341,8.24451
1361,1342,5.95347
1361,1360,5.41843
1361,1437,3.82672
1361,1440,3.53034
1362,1290,3.18537
1362,1342,4.14507
1362,1343,2.9691
1362,1360,6.87287
1362,1647,6.20953
1362,1648,0.82196
1362,1669,4.22818
1363,1290,2.24168
1363,1330,6.63012
1363,1345,4.90685
1363,1561,2.95534
1363,1669,1.95744
1363,1671,4.45501
1368,1345,2.94064
1368,1408,2.7966
1368,1445,3.26675
1368,1447,6.75539
1368,1561,6.21341
1373,1306,2.17681
1373,1348,4.63232
1373,1376,5.49832
1373,1379,4.39016
1373,1411,8.1799
1373,1590,3.58276
1375,1334,5.64793
1375,1348,5.12297
1375,1576,6.22961
1375,1590,3.10302
1375,1673,2.14748
1376,1235,3.75494
1376,1273,4.32558
1376,1306,4.06077
1376,1373,5.49832
1376,1393,5.33683
1376,1411,2.34465
1376,1451,5.54875
1379,1306,5.15562
1379,1373,4.39016
1379,1590,5.21466
1379,1659,1.57342
1379,1674,5.13832
1380,1320,2.35071
1380,1418,6.78404
1380,1454,7.58488
1380,1486,2.9068
1380,1644,2.52919
1383,1254,2.91939
1383,1454,2.54929
1383,1458,7.05228
1383,1644,4.90288
1383,1655,8.04362
1393,1235,2.66666
1393,1306,6.17591
1393,1336,4.49181
1393,1376,5.33683
1393,1397,2.53669
1393,1659,3.98614
1397,1235,4.79653
1397,1320,5.18302
1397,1336,7.67155
1397,1393,2.53669
1397,1640,2.57639
1397,1661,6.28502
1408,1348,8.16371
1408,1368,2.7966
1408,1411,2.31021
1408,1447,3.32189
1408,1480,5.14375
1408,1516,5.2083
1408,1561,2.17441
1408,1576,5.00364
1410,1347,4.89469
1410,1355,3.21924
1410,1415,4.60753
1410,1655,2.71527
1410,1663,4.95046
1411,1273,1.86388
1411,1348,1.56022
1411,1373,8.1799
1411,1376,2.34465
1411,1408,2.31021
1411,1480,3.06023
1411,1483,9.05258
1415,1355,3.45058
1415,1410,4.60753
1415,1653,3.81054
1415,1663,3.26647
1418,1235,7.46019
1418,1320,3.03524
1418,1380,6.78404
1418,1451,3.22492
1418,1486,4.67055
1422,1251,6.90659
1422,1264,4.58391
1422,1438,2.04046
1422,1439,3.90151
1425,1233,1.71616
1425,1489,2.33392
1425,1662,3.43365
1425,1665,6.81054
1432,1340,3.0269
1432,1341,7.01145
1432,1437,4.11187
1432,1505,3.37016
1433,1263,1.3743
1433,1435,8.34447
1433,1469,2.65696
1433,1478,2.12595
1435,1433,8.34447
1435,1436,5.04033
1435,1470,6.24297
1435,1478,1.82583
1436,1251,2.98698
1436,1435,5.04033
1436,1438,7.85376
1436,1470,1.69907
1437,1341,2.3595
1437,1361,3.82672
1437,1432,4.11187
1437,1440,5.86112
1437,1505,6.34073
1437,1536,3.95868
1438,1251,1.71624
1438,1264,4.91736
1438,1422,2.04046
1438,1436,7.85376
1438,1470,3.34894
1438,1471,5.25772
1439,1258,4.26927
1439,1264,6.2392
1439,1422,3.90151
1439,1472,5.49667
1440,1279,1.87448
1440,1342,2.847
1440,1361,3.53034
1440,1437,5.86112
1440,1441,6.5784
1440,1536,2.61845
1440,1539,3.67987
1441,1279,4.78863
1441,1342,3.16502
1441,1343,3.66781
1441,1440,6.5784
1441,1444,4.87939
1444,1279,4.05152
1444,1343,3.38405
1444,1345,4.15505
1444,1441,4.87939
1444,1445,7.30826
1444,1511,5.26303
1444,1513,1.01849
1445,1345,3.78293
1445,1368,3.26675
1445,1444,7.30826
1445,1447,3.8159
1445,1513,3.44324
1447,1368,6.75539
1447,1408,3.32189
1447,1445,3.8159
1447,1513,5.78022
1447,1516,4.76119
1451,1235,1.85275
1451,1273,5.99515
1451,1286,2.87018
1451,1297,1.97309
1451,1376,5.54875
1451,1418,3.22492
1451,1486,3.24955
1453,1258,3.35584
1453,1474,8.07987
1453,1484,3.43517
1454,1380,7.58488
1454,1383,2.54929
1454,1458,6.88847
1454,1486,1.79647
1454,1487,4.45735
1454,1521,1.86022
1454,1644,2.2833
1458,1254,3.33183
1458,1383,7.05228
1458,1454,6.88847
1458,1493,3.27346
1458,1521,3.38719
1458,1523,7.17862
1462,1254,3.58997
1462,1355,2.36636
1462,1493,3.08257
1462,1555,2.83627
1469,1263,8.66562
1469,1433,2.65696
1469,1478,6.86921
1469,1495,0.978752
1469,1679,2.22806
1469,1680,1.15294
1470,1276,0.883966
1470,1435,6.24297
1470,1436,1.69907
1470,1438,3.34894
1470,1471,3.52646
1470,1478,4.3276
1470,1496,6.86287
1471,1264,3.37845
1471,1281,3.5123
1471,1438,5.25772
1471,1470,3.52646
1471,1482,7.05152
1471,1496,3.49225
1472,1258,2.66772
1472,1264,5.79815
1472,1271,7.97422
1472,1439,5.49667
1472,1473,2.94563
1472,1482,3.60245
1472,1498,3.04211
1473,1258,5.86324
1473,1271,3.02581
1473,1277,3.65055
1473,1278,3.75807
1473,1472,2.94563
1473,1474,4.27994
1473,1515,4.70239
1474,1258,3.17309
1474,1278,8.48127
1474,1453,8.07987
1474,1473,4.27994
1474,1484,3.08656
1476,1241,4.02846
1476,1340,6.81863
1476,1657,5.16539
1478,1276,8.05338
1478,1433,2.12595
1478,1435,1.82583
1478,1469,6.86921
1478,1470,4.3276
1478,1495,3.1008
1478,1509,0.936489
1480,1296,6.82763
1480,1408,5.14375
1480,1411,3.06023
1480,1483,2.94827
1480,1516,3.95067
1482,1264,3.13084
1482,1281,2.6286
1482,1471,7.05152
1482,1472,3.60245
1482,1498,4.20097
1482,1512,2.13476
1483,1273,3.99384
1483,1296,3.15267
1483,1411,9.05258
1483,1480,2.94827
1483,1518,7.0295
1484,1278,3.22034
1484,1282,3.33782
1484,1283,5.45121
1484,1453,3.43517
1484,1474,3.08656
1484,1499,4.08891
1486,1286,6.12237
1486,1380,2.9068
1486,1418,4.67055
1486,1451,3.24955
1486,1454,1.79647
1486,1487,3.74111
1486,1550,4.50079
1486,1582,1.05531
1487,1454,4.45735
1487,1486,3.74111
1487,1521,5.47002
1487,1550,6.97361
1487,1583,1.27221
1489,1425,2.33392
1489,1665,3.79189
1489,1667,7.23965
1493,1254,5.97287
1493,1458,3.27346
1493,1462,3.08257
1493,1523,2.51158
1493,1525,4.29243
1493,1555,4.06626
1495,1292,2.31954
1495,1469,0.978752
1495,1478,3.1008
1495,1509,7.92352
1495,1679,8.12253
1496,1276,5.15896
1496,1281,3.7139
1496,1470,6.86287
1496,1471,3.49225
1496,1522,2.23952
1496,1524,5.01875
1498,1271,4.63602
1498,1472,3.04211
1498,1482,4.20097
1498,1512,3.46953
1498,1515,3.58481
1498,1526,9.04987
1499,1283,3.91599
1499,1484,4.08891
1499,1530,4.96939
1505,1432,3.37016
1505,1437,6.34073
1505,1536,5.74669
1509,1276,3.3291
1509,1292,1.41675
1509,1478,0.936489
1509,1495,7.92352
1509,1534,5.55951
1509,1537,3.06851
1511,1279,4.79988
1511,1444,5.26303
1511,1513,5.15035
1511,1539,0.732179
1511,1572,8.29936
1511,1574,1.28151
1512,1281,7.22534
1512,1293,2.979
1512,1482,2.13476
1512,1498,3.46953
1512,1524,1.3713
1512,1526,3.61093
1512,1540,4.25792
1513,1444,1.01849
1513,1445,3.44324
1513,1447,5.78022
1513,1511,5.15035
1513,1516,3.70983
1513,1574,6.96971
1515,1271,3.9228
1515,1277,6.59536
1515,1295,2.44996
1515,1473,4.70239
1515,1498,3.58481
1515,1526,2.55364
1515,1527,3.8298
1516,1296,4.65593
1516,1307,5.64262
1516,1408,5.2083
1516,1447,4.76119
1516,1480,3.95067
1516,1513,3.70983
1516,1574,2.90339
1518,1273,2.35365
1518,1296,2.65705
1518,1297,3.64028
1518,1483,7.0295
1518,1580,8.51148
1519,1292,7.27865
1519,1563,3.18292
1519,1564,0.229001
1519,1679,1.55968
1519,1680,2.40229
1521,1454,1.86022
1521,1458,3.38719
1521,1487,5.47002
1521,1523,3.67221
1521,1553,2.90086
1521,1583,5.19689
1522,1276,1.98539
1522,1298,3.5383
1522,1496,2.23952
1522,1524,4.42585
1522,1537,5.23662
1523,1458,7.17862
1523,1493,2.51158
1523,1521,3.67221
1523,1525,4.95061
1523,1553,3.09092
1524,1281,2.75675
1524,1293,7.7049
1524,1298,2.42424
1524,1496,5.01875
1524,1512,1.3713
1524,1522,4.42585
1525,1493,4.29243
1525,1523,4.95061
1525,1553,3.70695
1525,1555,5.6224
1526,1295,6.56803
1526,1498,9.04987
1526,1512,3.61093
1526,1515,2.55364
1526,1540,2.22124
1526,1552,2.97551
1527,1277,3.89444
1527,1295,4.07013
1527,1515,3.8298
1527,1541,4.84397
1527,1554,7.17564
1530,1283,3.38408
1530,1499,4.96939
1530,1544,9.93375
1530,1557,2.62606
1530,1689,6.24728
1534,1292,7.02321
1534,1509,5.55951
1534,1537,1.99195
1534,1549,8.034
1534,1564,4.24608
1534,1579,5.37688
1536,1437,3.95868
1536,1440,2.61845
1536,1505,5.74669
1536,1539,6.70807
1536,1602,2.92039
1537,1276,4.58639
1537,1298,3.98562
1537,1509,3.06851
1537,1522,5.23662
1537,1534,1.99195
1537,1549,3.01777
1539,1279,6.99637
1539,1440,3.67987
1539,1511,0.732179
1539,1536,6.70807
1539,1572,3.13394
1539,1602,6.49751
1540,1293,4.29972
1540,1302,4.02947
1540,1512,4.25792
1540,1526,2.22124
1540,1552,6.83215
1540,1567,4.20058
1541,1277,4.56319
1541,1282,6.81007
1541,1527,4.84397
1541,1554,2.34608
1541,1568,4.12262
1541,1569,5.88975
1544,1283,4.00512
1544,1530,9.93375
1544,1556,4.32941
1544,1557,0.427022
1544,1571,6.45387
1544,1573,4.16255
1549,1298,1.85579
1549,1534,8.034
1549,1537,3.01777
1549,1579,1.80855
1549,1581,5.75514
1549,1592,1.67727
1550,1486,4.50079
1550,1487,6.97361
1550,1582,6.01362
1550,1583,3.37317
1550,1614,4.56853
1552,1295,5.37354
1552,1526,2.97551
1552,1540,6.83215
1552,1567,5.25814
1553,1521,2.90086
1553,1523,3.09092
1553,1525,3.70695
1553,1555,2.37452
1553,1583,3.41686
1553,1615,7.35871
1554,1295,4.85079
1554,1303,5.28372
1554,1527,7.17564
1554,1541,2.34608
1554,1568,3.6289
1555,1462,2.83627
1555,1493,4.06626
1555,1525,5.6224
1555,1553,2.37452
1555,1615,3.85446
1556,1282,2.77304
1556,1283,2.54747
1556,1544,4.32941
1556,1569,8.02143
1556,1571,8.05433
1556,1600,4.32767
1556,1607,1.39472
1557,1530,2.62606
1557,1544,0.427022
1557,1573,7.09168
1557,1585,4.52588
1557,1689,6.72288
1561,1345,5.66073
1561,1363,2.95534
1561,1368,6.21341
1561,1408,2.17441
1561,1576,6.29055
1561,1671,3.02963
1563,1519,3.18292
1563,1564,8.19179
1563,1591,3.65542
1563,1604,5.60645
1564,1292,4.33054
1564,1519,0.229001
1564,1534,4.24608
1564,1563,8.19179
1564,1579,1.88032
1564,1591,4.91788
1566,1293,5.03009
1566,1298,5.03664
1566,1302,8.20129
1566,1594,4.87236
1567,1295,3.3482
1567,1302,4.08661
1567,1540,4.20058
1567,1552,5.25814
1567,1596,3.54332
1567,1597,8.39521
1567,1598,2.46145
1568,1303,5.25432
1568,1308,4.54694
1568,1541,4.12262
1568,1554,3.6289
1568,1569,6.41347
1568,1606,4.86648
1569,1282,2.60394
1569,1308,2.8176
1569,1541,5.88975
1569,1556,8.02143
1569,1568,6.41347
1569,1600,2.76433
1571,1544,6.45387
1571,1556,8.05433
1571,1573,4.94655
1571,1607,5.10686
1571,1608,1.00384
1572,1511,8.29936
1572,1539,3.13394
1572,1574,5.04098
1572,1602,4.35305
1572,1632,8.04675
1572,1635,2.36067
1573,1544,4.16255
1573,1557,7.09168
1573,1571,4.94655
1573,1585,4.90817
1573,1608,2.95318
1573,1609,1.57059
1574,1307,4.79399
1574,1511,1.28151
1574,1513,6.96971
1574,1516,2.90339
1574,1572,5.04098
1574,1635,5.14047
1576,1334,2.31354
1576,1348,1.69794
1576,1375,6.22961
1576,1408,5.00364
1576,1561,6.29055
1576,1671,4.04326
1578,1296,6.83162
1578,1307,4.76473
1578,1319,6.22542
1578,1321,2.09817
1578,1580,3.5798
1579,1312,1.55728
1579,1534,5.37688
1579,1549,1.80855
1579,1564,1.88032
1579,1591,6.49761
1579,1592,8.66401
1580,1296,2.18643
1580,1297,1.84322
1580,1309,6.45753
1580,1321,3.84188
1580,1518,8.51148
1580,1578,3.5798
1581,1298,3.34166
1581,1549,5.75514
1581,1592,4.3134
1581,1593,5.99709
1581,1594,4.20702
1582,1286,6.89771
1582,1297,2.81459
1582,1309,3.02119
1582,1323,8.18191
1582,1486,1.05531
1582,1550,6.01362
1582,1614,1.31369
1582,1643,3.30071
1583,1487,1.27221
1583,1521,5.19689
1583,1550,3.37317
1583,1553,3.41686
1583,1614,4.08433
1583,1615,3.40159
1583,1670,3.07723
1585,1310,1.51332
1585,1557,4.52588
1585,1573,4.90817
1585,1609,3.70711
1585,1610,4.02458
1590,1348,2.84182
1590,1373,3.58276
1590,1375,3.10302
1590,1379,5.21466
1590,1673,5.19682
1590,1674,1.39014
1591,1312,5.23167
1591,1563,3.65542
1591,1564,4.91788
1591,1579,6.49761
1591,1604,5.86861
1591,1629,2.81691
1592,1312,3.86649
1592,1549,1.67727
1592,1579,8.66401
1592,1581,4.3134
1592,1593,3.96033
1592,1631,2.41479
1593,1581,5.99709
1593,1592,3.96033
1593,1594,4.65895
1593,1618,3.7608
1593,1631,4.98778
1594,1298,2.4631
1594,1302,2.20391
1594,1566,4.87236
1594,1581,4.20702
1594,1593,4.65895
1594,1596,2.15041
1594,1605,4.20297
1594,1618,3.69621
1596,1302,6.74192
1596,1317,1.91977
1596,1567,3.54332
1596,1594,2.15041
1596,1597,1.89794
1596,1605,4.589
1596,1620,7.45862
1597,1567,8.39521
1597,1596,1.89794
1597,1598,3.7824
1597,1620,3.22728
1597,1621,7.12851
1598,1295,3.23859
1598,1303,8.35544
1598,1567,2.46145
1598,1597,3.7824
1598,1621,3.10183
1598,1623,2.71546
1598,1636,3.58489
1600,1308,6.72776
1600,1326,1.47044
1600,1556,4.32767
1600,1569,2.76433
1600,1607,7.45768
1600,1640,5.35357
1602,1536,2.92039
1602,1539,6.49751
1602,1572,4.35305
1602,1632,2.50527
1604,1322,5.4506
1604,1563,5.60645
1604,1591,5.86861
1604,1629,3.62543
1605,1317,5.4364
1605,1594,4.20297
1605,1596,4.589
1605,1618,5.41394
1606,1303,2.70993
1606,1308,4.64033
1606,1568,4.86648
1606,1623,4.70721
1606,1638,4.42697
1606,1639,3.44784
1607,1326,5.66095
1607,1556,1.39472
1607,1571,5.10686
1607,1600,7.45768
1607,1608,7.59615
1608,1326,1.67505
1608,1327,2.55939
1608,1571,1.00384
1608,1573,2.95318
1608,1607,7.59615
1608,1609,7.22122
1609,1327,0.996664
1609,1573,1.57059
1609,1585,3.70711
1609,1608,7.22122
1609,1610,4.15054
1609,1641,3.05019
1610,1310,6.94324
1610,1328,2.24503
1610,1585,4.02458
1610,1609,4.15054
1610,1641,5.23992
1610,1642,4.54713
1614,1323,3.93024
1614,1333,6.11736
1614,1550,4.56853
1614,1582,1.31369
1614,1583,4.08433
1614,1670,3.38008
1615,1553,7.35871
1615,1555,3.85446
1615,1583,3.40159
1615,1670,3.96452
1618,1317,3.45375
1618,1330,5.31769
1618,1593,3.7608
1618,1594,3.69621
1618,1605,5.41394
1618,1631,3.48686
1618,1648,5.56267
1620,1317,4.47744
1620,1596,7.45862
1620,1597,3.22728
1620,1621,1.9634
1620,1634,7.35769
1621,1597,7.12851
1621,1598,3.10183
1621,1620,1.9634
1621,1634,4.04072
1621,1636,3.33399
1621,1651,3.4131
1623,1303,1.91121
1623,1598,2.71546
1623,1606,4.70721
1623,1636,5.48096
1623,1638,5.4981
1625,1310,3.97668
1625,1642,6.58529
1625,1653,1.82594
1629,1241,1.58392
1629,1312,4.04008
1629,1322,6.08752
1629,1591,2.81691
1629,1604,3.62543
1629,1646,8.14853
1629,1657,3.10224
1631,1312,3.29054
1631,1592,2.41479
1631,1593,4.98778
1631,1618,3.48686
1631,1647,3.93837
1631,1648,5.52329
1632,1572,8.04675
1632,1602,2.50527
1632,1635,4.20251
1634,1317,2.06172
1634,1334,8.05057
1634,1620,7.35769
1634,1621,4.04072
1634,1651,4.83989
1634,1671,2.35138
1635,1307,3.47754
1635,1572,2.36067
1635,1574,5.14047
1635,1632,4.20251
1635,1660,3.32206
1636,1598,3.58489
1636,1621,3.33399
1636,1623,5.48096
1636,1638,3.34554
1636,1651,7.80833
1636,1659,2.26132
1636,1674,3.72277
1638,1606,4.42697
1638,1623,5.4981
1638,1636,3.34554
1638,1639,3.22505
1638,1659,6.30084
1639,1308,4.03914
1639,1336,3.26459
1639,1606,3.44784
1639,1638,3.22505
1639,1640,7.31574
1639,1659,4.21972
1640,1308,1.63962
1640,1326,5.03723
1640,1336,2.61482
1640,1397,2.57639
1640,1600,5.35357
1640,1639,7.31574
1640,1661,2.91765
1641,1327,8.4801
1641,1328,5.55982
1641,1337,2.18558
1641,1609,3.05019
1641,1610,5.23992
1642,1310,1.50696
1642,1328,2.11409
1642,1610,4.54713
1642,1625,6.58529
1642,1653,3.09927
1642,1663,4.85992
1643,1309,4.98605
1643,1321,1.75073
1643,1323,3.25695
1643,1582,3.30071
1643,1665,6.96909
1643,1667,3.41845
1644,1320,7.36178
1644,1337,3.0988
1644,1380,2.52919
1644,1383,4.90288
1644,1454,2.2833
1644,1655,2.77537
1644,1677,3.58738
1646,1241,4.0446
1646,1312,4.39706
1646,1360,3.82844
1646,1629,8.14853
1646,1647,3.17178
1647,1312,5.33705
1647,1360,3.54556
1647,1362,6.20953
1647,1631,3.93837
1647,1646,3.17178
1647,1648,5.67848
1648,1330,1.91778
1648,1362,0.82196
1648,1618,5.56267
1648,1631,5.52329
1648,1647,5.67848
1648,1669,5.39298
1651,1334,2.33136
1651,1621,3.4131
1651,1634,4.83989
1651,1636,7.80833
1651,1673,4.84387
1651,1674,1.94236
1653,1415,3.81054
1653,1625,1.82594
1653,1642,3.09927
1653,1663,3.81496
1655,1254,2.44779
1655,1337,4.30067
1655,1347,3.71769
1655,1355,3.60541
1655,1383,8.04362
1655,1410,2.71527
1655,1644,2.77537
1657,1241,4.80111
1657,1322,6.78166
1657,1476,5.16539
1657,1629,3.10224
1659,1306,4.94878
1659,1336,3.59625
1659,1379,1.57342
1659,1393,3.98614
1659,1636,2.26132
1659,1638,6.30084
1659,1639,4.21972
1659,1674,4.09034
1660,1233,1.9705
1660,1307,6.58894
1660,1319,5.40056
1660,1635,3.32206
1660,1662,1.67825
1661,1320,2.85898
1661,1326,3.54639
1661,1397,6.28502
1661,1640,2.91765
1661,1677,6.76332
1662,1233,7.98948
1662,1319,4.81728
1662,1321,6.02386
1662,1425,3.43365
1662,1660,1.67825
1662,1665,0.989251
1663,1328,3.82647
1663,1347,1.17122
1663,1410,4.95046
1663,1415,3.26647
1663,1642,4.85992
1663,1653,3.81496
1665,1321,4.14628
1665,1425,6.81054
1665,1489,3.79189
1665,1643,6.96909
1665,1662,0.989251
1665,1667,1.68866
1667,1323,5.69203
1667,1333,4.08937
1667,1489,7.23965
1667,1643,3.41845
1667,1665,1.68866
1669,1290,6.31024
1669,1330,4.14558
1669,1362,4.22818
1669,1363,1.95744
1669,1648,5.39298
1670,1333,6.33869
1670,1583,3.07723
1670,1614,3.38008
1670,1615,3.96452
1671,1317,4.74578
1671,1330,3.64837
1671,1334,5.85793
1671,1363,4.45501
1671,1561,3.02963
1671,1576,4.04326
1671,1634,2.35138
1673,1334,3.90998
1673,1375,2.14748
1673,1590,5.19682
1673,1651,4.84387
1673,1674,3.59572
1674,1379,5.13832
1674,1590,1.39014
1674,1636,3.72277
1674,1651,1.94236
1674,1659,4.09034
1674,1673,3.59572
1677,1320,1.09767
1677,1326,2.52054
1677,1327,1.91922
1677,1337,4.07886
1677,1644,3.58738
1677,1661,6.76332
1679,1292,2.90813
1679,1469,2.22806
1679,1495,8.12253
1679,1519,1.55968
1679,1680,10.1589
1680,1263,2.09466
1680,1469,1.15294
1680,1519,2.40229
1680,1679,10.1589
1689,1530,6.24728
1689,1557,6.72288
