label, neighbor, wall area
1445,1464,6.16617
1445,1533,5.91404
1445,1536,2.15072
1445,1582,5.1703
1445,1610,8.03427
1446,1566,2.291
1446,1570,4.6133
1446,1608,5.30133
1446,1630,4.03212
1449,1450,9.26842
1449,1582,3.88181
1449,1610,7.54443
1449,1629,4.07917
1449,1649,2.33018
1450,1449,9.26842
1450,1540,2.52551
1450,1571,5.04962
1450,1606,4.20011
1450,1629,1.15024
1450,1649,1.07308
1450,1826,5.15703
1464,1445,6.16617
1464,1533,3.56335
1464,1582,2.4813
1464,1601,3.83434
1464,1608,8.94395
1464,1828,5.04183
1466,1540,5.87306
1466,1571,3.96427
1466,1585,3.0475
1466,1586,4.61711
1466,1633,7.39499
1466,1664,5.65641
1471,1519,8.60741
1471,1539,5.60194
1471,1553,3.31679
1471,1570,3.74608
1471,1630,2.91161
1471,1714,3.33152
1473,1493,6.32691
1473,1508,6.41161
1473,1580,2.16694
1473,1590,0.529604
1473,1636,5.41374
1473,1693,5.41489
1473,1830,3.31184
1476,1575,4.13636
1476,1707,3.7532
1476,1830,6.55866
1489,1490,6.29735
1489,1544,2.80952
1489,1587,8.29557
1489,1588,1.19758
1489,1607,1.5193
1489,1659,6.12087
1489,1749,4.09248
1490,1489,6.29735
1490,1579,2.52378
1490,1588,8.24725
1490,1721,1.68862
1490,1749,2.94024
1490,1771,6.96413
1490,1821,3.84388
1493,1473,6.32691
1493,1513,3.03304
1493,1557,3.70706
1493,1580,6.15293
1493,1590,6.07179
1493,1698,2.6239
1494,1513,3.32794
1494,1575,5.08515
1494,1579,3.86363
1494,1642,6.41451
1494,1647,8.20121
1494,1752,0.462378
1496,1516,7.01309
1496,1582,6.83443
1496,1601,4.55232
1496,1629,4.83811
1496,1681,3.65095
1496,1716,2.99309
1498,1549,6.17796
1498,1556,4.14533
1498,1557,1.49601
1498,1633,5.87554
1498,1664,4.91626
1499,1653,6.92128
1499,1682,5.59455
1499,1716,4.1146
1508,1473,6.41161
1508,1670,3.58396
1508,1671,5.81597
1508,1693,2.74144
1508,1707,7.66931
1508,1830,2.91047
1513,1493,3.03304
1513,1494,3.32794
1513,1548,1.30814
1513,1575,5.77305
1513,1580,3.07588
1513,1642,3.5234
1513,1698,8.14079
1515,1555,5.50796
1515,1591,1.26819
1515,1596,3.82878
1515,1675,4.70341
1515,1690,9.69497
1515,1704,9.72592
1515,1715,3.21215
1516,1496,7.01309
1516,1601,5.88743
1516,1653,5.95097
1516,1716,2.33714
1519,1471,8.60741
1519,1533,6.08588
1519,1553,3.41482
1519,1591,4.33509
1519,1630,2.37052
1521,1549,7.14766
1521,1557,2.6628
1521,1583,10.3062
1521,1590,2.43741
1521,1664,1.47466
1521,1712,5.54747
1522,1602,4.80396
1522,1611,4.30661
1522,1634,2.46175
1522,1635,4.22041
1522,1645,7.05582
1523,1575,4.26319
1523,1647,6.26293
1533,1445,5.91404
1533,1464,3.56335
1533,1519,6.08588
1533,1536,8.22892
1533,1591,3.7198
1533,1608,4.28355
1533,1630,3.81003
1536,1445,2.15072
1536,1533,8.22892
1536,1591,2.01109
1536,1596,4.67818
1536,1610,4.73101
1536,1649,6.09442
1539,1471,5.60194
1539,1570,5.59083
1539,1714,9.24538
1540,1450,2.52551
1540,1466,5.87306
1540,1571,6.86561
1540,1657,5.35548
1540,1664,1.44135
1540,1826,2.71148
1544,1489,2.80952
1544,1634,6.88911
1544,1659,4.95273
1544,1743,5.51398
1544,1749,5.94926
1548,1513,1.30814
1548,1587,2.97435
1548,1588,2.72702
1548,1640,6.16807
1548,1642,7.38114
1548,1698,4.27197
1549,1498,6.17796
1549,1521,7.14766
1549,1557,4.6202
1549,1664,5.28541
1553,1471,3.31679
1553,1519,3.41482
1553,1555,8.33177
1553,1591,4.31115
1553,1688,4.27745
1553,1714,4.97259
1555,1515,5.50796
1555,1553,8.33177
1555,1591,5.28148
1555,1675,3.63061
1555,1688,3.24307
1556,1498,4.14533
1556,1557,9.28629
1556,1615,2.85792
1556,1633,2.40338
1556,1640,4.22715
1556,1698,3.46207
1557,1493,3.70706
1557,1498,1.49601
1557,1521,2.6628
1557,1549,4.6202
1557,1556,9.28629
1557,1590,8.54143
1557,1698,2.84063
1566,1446,2.291
1566,1608,5.56137
1566,1828,8.01274
1570,1446,4.6133
1570,1471,3.74608
1570,1539,5.59083
1570,1630,5.25704
1571,1450,5.04962
1571,1466,3.96427
1571,1540,6.86561
1571,1585,5.44784
1571,1606,4.3733
1572,1611,10.4568
1572,1682,4.2897
1575,1476,4.13636
1575,1494,5.08515
1575,1513,5.77305
1575,1523,4.26319
1575,1580,4.79416
1575,1647,1.17439
1575,1830,2.28795
1579,1490,2.52378
1579,1494,3.86363
1579,1588,4.75022
1579,1642,2.5739
1579,1752,8.62446
1579,1771,2.82566
1580,1473,2.16694
1580,1493,6.15293
1580,1513,3.07588
1580,1575,4.79416
1580,1830,8.82894
1582,1445,5.1703
1582,1449,3.88181
1582,1464,2.4813
1582,1496,6.83443
1582,1601,8.29318
1582,1610,4.78301
1582,1629,5.12507
1583,1521,10.3062
1583,1590,1.14013
1583,1636,3.54383
1583,1692,8.63837
1583,1712,1.88741
1583,1715,3.55079
1585,1466,3.0475
1585,1571,5.44784
1585,1586,5.01201
1585,1606,1.99805
1585,1607,1.68551
1585,1631,9.2538
1586,1466,4.61711
1586,1585,5.01201
1586,1587,1.5155
1586,1607,9.30125
1586,1615,3.43061
1586,1633,5.08313
1587,1489,8.29557
1587,1548,2.97435
1587,1586,1.5155
1587,1588,5.35922
1587,1607,3.89859
1587,1615,3.62939
1587,1640,4.87521
1588,1489,1.19758
1588,1490,8.24725
1588,1548,2.72702
1588,1579,4.75022
1588,1587,5.35922
1588,1642,4.14487
1590,1473,0.529604
1590,1493,6.07179
1590,1521,2.43741
1590,1557,8.54143
1590,1583,1.14013
1590,1636,9.29502
1591,1515,1.26819
1591,1519,4.33509
1591,1533,3.7198
1591,1536,2.01109
1591,1553,4.31115
1591,1555,5.28148
1591,1596,8.23295
1596,1515,3.82878
1596,1536,4.67818
1596,1591,8.23295
1596,1649,3.99388
1596,1704,5.78136
1601,1464,3.83434
1601,1496,4.55232
1601,1516,5.88743
1601,1582,8.29318
1601,1828,7.92562
1602,1522,4.80396
1602,1611,10.5324
1602,1635,5.50101
1602,1685,7.97032
1602,1699,4.43298
1606,1450,4.20011
1606,1571,4.3733
1606,1585,1.99805
1606,1629,10.2301
1606,1631,6.12681
1606,1685,3.90386
1606,1699,3.53877
1607,1489,1.5193
1607,1585,1.68551
1607,1586,9.30125
1607,1587,3.89859
1607,1631,2.17297
1607,1659,10.3595
1607,1827,2.32631
1608,1446,5.30133
1608,1464,8.94395
1608,1533,4.28355
1608,1566,5.56137
1608,1630,5.06669
1608,1828,1.53133
1609,1649,2.42687
1609,1657,5.16358
1609,1704,9.56507
1609,1712,4.87868
1609,1826,3.4172
1610,1445,8.03427
1610,1449,7.54443
1610,1536,4.73101
1610,1582,4.78301
1610,1649,4.77107
1611,1522,4.30661
1611,1572,10.4568
1611,1602,10.5324
1611,1682,3.13443
1611,1699,1.13884
1615,1556,2.85792
1615,1586,3.43061
1615,1587,3.62939
1615,1633,8.76349
1615,1640,8.9545
1629,1449,4.07917
1629,1450,1.15024
1629,1496,4.83811
1629,1582,5.12507
1629,1606,10.2301
1629,1681,5.22544
1629,1699,4.21795
1630,1446,4.03212
1630,1471,2.91161
1630,1519,2.37052
1630,1533,3.81003
1630,1570,5.25704
1630,1608,5.06669
1631,1585,9.2538
1631,1606,6.12681
1631,1607,2.17297
1631,1685,5.20867
1631,1827,6.9027
1633,1466,7.39499
1633,1498,5.87554
1633,1556,2.40338
1633,1586,5.08313
1633,1615,8.76349
1633,1664,1.97749
1634,1522,2.46175
1634,1544,6.88911
1634,1635,4.14434
1634,1645,4.67327
1634,1659,6.362
1634,1743,3.02877
1635,1522,4.22041
1635,1602,5.50101
1635,1634,4.14434
1635,1659,1.89359
1635,1685,1.52928
1635,1827,7.07263
1636,1473,5.41374
1636,1583,3.54383
1636,1590,9.29502
1636,1679,2.05129
1636,1680,3.92834
1636,1692,5.75483
1636,1693,5.40521
1640,1548,6.16807
1640,1556,4.22715
1640,1587,4.87521
1640,1615,8.9545
1640,1698,3.22645
1642,1494,6.41451
1642,1513,3.5234
1642,1548,7.38114
1642,1579,2.5739
1642,1588,4.14487
1645,1522,7.05582
1645,1634,4.67327
1645,1743,3.74272
1647,1494,8.20121
1647,1523,6.26293
1647,1575,1.17439
1647,1752,4.17317
1649,1449,2.33018
1649,1450,1.07308
1649,1536,6.09442
1649,1596,3.99388
1649,1609,2.42687
1649,1610,4.77107
1649,1704,2.35919
1649,1826,9.00783
1653,1499,6.92128
1653,1516,5.95097
1653,1716,4.20762
1654,1668,6.5746
1654,1679,4.94337
1654,1691,6.04481
1654,1816,3.36122
1657,1540,5.35548
1657,1609,5.16358
1657,1664,8.93329
1657,1712,3.12383
1657,1826,7.84433
1659,1489,6.12087
1659,1544,4.95273
1659,1607,10.3595
1659,1634,6.362
1659,1635,1.89359
1659,1827,4.19852
1664,1466,5.65641
1664,1498,4.91626
1664,1521,1.47466
1664,1540,1.44135
1664,1549,5.28541
1664,1633,1.97749
1664,1657,8.93329
1664,1712,5.06018
1667,1675,4.75299
1667,1688,8.73554
1668,1654,6.5746
1668,1677,2.62847
1668,1690,5.2542
1668,1691,3.28763
1668,1815,3.94923
1670,1508,3.58396
1670,1671,5.57345
1670,1693,6.46652
1670,1817,6.86765
1671,1508,5.81597
1671,1670,5.57345
1671,1707,1.34931
1675,1515,4.70341
1675,1555,3.63061
1675,1667,4.75299
1675,1677,9.42235
1675,1688,6.01664
1675,1690,0.525628
1675,1815,4.74227
1677,1668,2.62847
1677,1675,9.42235
1677,1690,9.84026
1677,1815,5.82426
1679,1636,2.05129
1679,1654,4.94337
1679,1680,3.71762
1679,1691,4.70328
1679,1692,11.4422
1679,1816,9.95215
1680,1636,3.92834
1680,1679,3.71762
1680,1693,6.2724
1680,1816,4.58698
1680,1817,5.5455
1681,1496,3.65095
1681,1629,5.22544
1681,1682,0.888707
1681,1699,5.04441
1681,1716,8.562
1682,1499,5.59455
1682,1572,4.2897
1682,1611,3.13443
1682,1681,0.888707
1682,1699,7.61658
1682,1716,2.69288
1685,1602,7.97032
1685,1606,3.90386
1685,1631,5.20867
1685,1635,1.52928
1685,1699,4.12782
1685,1827,3.89067
1688,1553,4.27745
1688,1555,3.24307
1688,1667,8.73554
1688,1675,6.01664
1688,1714,8.27633
1690,1515,9.69497
1690,1668,5.2542
1690,1675,0.525628
1690,1677,9.84026
1690,1691,4.02779
1690,1715,2.90325
1691,1654,6.04481
1691,1668,3.28763
1691,1679,4.70328
1691,1690,4.02779
1691,1692,2.0846
1691,1715,10.501
1692,1583,8.63837
1692,1636,5.75483
1692,1679,11.4422
1692,1691,2.0846
1692,1715,2.20866
1693,1473,5.41489
1693,1508,2.74144
1693,1636,5.40521
1693,1670,6.46652
1693,1680,6.2724
1693,1817,0.0931067
1698,1493,2.6239
1698,1513,8.14079
1698,1548,4.27197
1698,1556,3.46207
1698,1557,2.84063
1698,1640,3.22645
1699,1602,4.43298
1699,1606,3.53877
1699,1611,1.13884
1699,1629,4.21795
1699,1681,5.04441
1699,1682,7.61658
1699,1685,4.12782
1704,1515,9.72592
1704,1596,5.78136
1704,1609,9.56507
1704,1649,2.35919
1704,1712,2.49221
1704,1715,3.84145
1707,1476,3.7532
1707,1508,7.66931
1707,1671,1.34931
1707,1830,4.07332
1712,1521,5.54747
1712,1583,1.88741
1712,1609,4.87868
1712,1657,3.12383
1712,1664,5.06018
1712,1704,2.49221
1712,1715,8.45699
1714,1471,3.33152
1714,1539,9.24538
1714,1553,4.97259
1714,1688,8.27633
1715,1515,3.21215
1715,1583,3.55079
1715,1690,2.90325
1715,1691,10.501
1715,1692,2.20866
1715,1704,3.84145
1715,1712,8.45699
1716,1496,2.99309
1716,1499,4.1146
1716,1516,2.33714
1716,1653,4.20762
1716,1681,8.562
1716,1682,2.69288
1721,1490,1.68862
1721,1743,1.36446
1721,1747,2.18185
1721,1749,9.90416
1721,1821,5.89019
1743,1544,5.51398
1743,1634,3.02877
1743,1645,3.74272
1743,1721,1.36446
1743,1747,10.3146
1743,1749,1.76197
1747,1721,2.18185
1747,1743,10.3146
1749,1489,4.09248
1749,1490,2.94024
1749,1544,5.94926
1749,1721,9.90416
1749,1743,1.76197
1752,1494,0.462378
1752,1579,8.62446
1752,1647,4.17317
1752,1771,3.23388
1771,1490,6.96413
1771,1579,2.82566
1771,1752,3.23388
1771,1821,2.1828
1815,1668,3.94923
1815,1675,4.74227
1815,1677,5.82426
1816,1654,3.36122
1816,1679,9.95215
1816,1680,4.58698
1816,1817,2.18089
1817,1670,6.86765
1817,1680,5.5455
1817,1693,0.0931067
1817,1816,2.18089
1821,1490,3.84388
1821,1721,5.89019
1821,1771,2.1828
1826,1450,5.15703
1826,1540,2.71148
1826,1609,3.4172
1826,1649,9.00783
1826,1657,7.84433
1827,1607,2.32631
1827,1631,6.9027
1827,1635,7.07263
1827,1659,4.19852
1827,1685,3.89067
1828,1464,5.04183
1828,1566,8.01274
1828,1601,7.92562
1828,1608,1.53133
1830,1473,3.31184
1830,1476,6.55866
1830,1508,2.91047
1830,1575,2.28795
1830,1580,8.82894
1830,1707,4.07332
