label, neighbor, wall area
13850,13901,3.76731
13850,13908,4.30193
13850,14180,7.12361
13850,14188,4.49977
13850,14199,2.69227
13850,14206,4.41262
13850,14478,3.44874
13850,14479,7.28905
13851,13902,6.84052
13851,13908,3.66621
13851,13916,7.28834
13851,14162,0.866298
13851,14180,4.64824
13851,14200,4.46561
13851,14480,1.89698
13852,13916,5.5771
13852,13918,9.17135
13852,13919,4.88594
13852,13923,4.36873
13852,14162,4.46487
13852,14209,0.229938
13852,14467,6.72168
13857,13861,5.1273
13857,14043,2.48543
13857,14044,1.43634
13857,14204,1.41337
13857,14217,7.65606
13857,14236,5.66458
13857,14237,2.88497
13860,14056,3.80002
13860,14057,5.41364
13860,14370,2.47536
13860,14372,4.00958
13860,14379,5.76436
13860,14380,3.67527
13861,13857,5.1273
13861,13947,4.5131
13861,14043,5.57753
13861,14044,3.63114
13861,14268,3.75669
13862,13863,4.18559
13862,13959,1.27809
13862,14044,1.0563
13862,14045,2.26509
13862,14250,5.48941
13862,14268,7.15696
13862,14285,4.00379
13863,13862,4.18559
13863,13948,4.8379
13863,13959,3.92675
13863,14045,4.38501
13863,14287,3.27961
13864,13939,5.95998
13864,13960,5.9451
13864,14259,3.01587
13864,14269,2.43438
13864,14270,4.04061
13864,14291,0
13865,13866,4.07029
13865,14046,3.48229
13865,14047,9.00788
13865,14068,6.73038
13865,14270,5.74249
13865,14271,1.67635
13866,13865,4.07029
13866,14062,4.11655
13866,14068,4.21476
13866,14271,9.39755
13866,14306,4.80665
13866,14354,8.14218
13867,13868,5.32737
13867,13959,4.13631
13867,14079,5.9534
13867,14285,1.33107
13867,14305,5.78726
13868,13867,5.32737
13868,13871,7.35497
13868,13972,4.79552
13868,14079,1.52588
13868,14086,7.89927
13868,14305,2.35688
13868,14335,2.71009
13868,14340,0.231233
13869,13873,0.166204
13869,13889,7.31612
13869,13894,5.40466
13869,13991,5.47201
13869,14080,6.05644
13869,14088,1.57915
13869,14318,1.28126
13870,13907,0.428191
13870,13982,5.32738
13870,14000,7.09055
13870,14332,6.31049
13870,14356,5.77754
13871,13868,7.35497
13871,13972,0.317423
13871,14097,3.57843
13871,14335,2.18613
13871,14342,5.82367
13871,16086,2.33288
13872,13879,1.18121
13872,13889,4.09259
13872,13991,7.015
13872,14076,3.86397
13872,14098,2.72232
13872,14273,3.40001
13872,14544,2.15167
13873,13869,0.166204
13873,13876,3.29844
13873,13894,5.31561
13873,13988,1.50871
13873,13991,4.50152
13873,14352,2.96291
13876,13873,3.29844
13876,13991,4.54697
13876,14109,5.22845
13876,14351,3.63144
13876,14352,3.92121
13876,14353,1.20742
13879,13872,1.18121
13879,14004,6.50422
13879,14076,7.01223
13879,14106,4.75852
13879,14273,5.57141
13882,13914,0.358494
13882,14174,3.82423
13882,14482,7.12229
13882,14484,5.17185
13882,14485,2.47672
13882,14486,5.23739
13886,13990,6.27247
13886,14066,3.98047
13886,14094,0.906206
13886,14097,4.09507
13886,14326,8.53391
13888,14132,11.116
13888,14463,7.89848
13889,13869,7.31612
13889,13872,4.09259
13889,13991,1.96597
13889,14098,5.44412
13889,14317,5.45626
13889,14318,2.15359
13889,14328,1.26887
13891,13906,1.22593
13891,13974,2.38074
13891,13996,1.64289
13891,14004,7.46663
13891,14190,5.09445
13891,14193,5.90743
13891,14343,2.26718
13894,13869,5.40466
13894,13873,5.31561
13894,13988,3.23155
13894,14088,5.9059
13896,13897,4.31527
13896,13988,6.21131
13896,14088,4.31081
13896,14100,1.24599
13896,14331,1.37953
13897,13896,4.31527
13897,13982,3.11898
13897,14100,5.41824
13897,14331,5.8796
13898,13901,9.34262
13898,14361,7.95417
13898,14450,6.46738
13898,14462,6.582
13898,14478,2.7568
13901,13850,3.76731
13901,13898,9.34262
13901,13902,5.51528
13901,13908,7.1932
13901,14450,7.49078
13901,14478,5.38034
13902,13851,6.84052
13902,13901,5.51528
13902,13908,3.19652
13902,14148,5.03515
13902,14162,5.2111
13902,14450,3.10445
13906,13891,1.22593
13906,13925,7.42797
13906,13974,8.47494
13906,14127,4.93955
13906,14190,5.34066
13907,13870,0.428191
13907,14000,5.53867
13907,14332,8.11768
13907,14420,1.82168
13907,14421,0
13907,14422,6.57045
13907,14454,6.11924
13907,14455,2.00042
13908,13850,4.30193
13908,13851,3.66621
13908,13901,7.1932
13908,13902,3.19652
13908,14180,6.32026
13913,14018,8.32025
13913,14027,6.17354
13913,14374,1.92054
13913,14375,6.79699
13913,14388,6.0574
13914,13882,0.358494
13914,14107,2.5965
13914,14127,3.37779
13914,14159,7.16131
13914,14341,4.6433
13914,14482,6.59352
13914,14486,1.91219
13916,13851,7.28834
13916,13852,5.5771
13916,13919,2.13915
13916,14162,7.96576
13916,14480,7.01086
13918,13852,9.17135
13918,14209,10.3878
13918,14467,4.79536
13918,14469,4.88846
13918,14470,3.24118
13919,13852,4.88594
13919,13916,2.13915
13919,13923,9.88676
13919,14230,5.79921
13919,14231,1.88914
13919,14480,6.16752
13923,13852,4.36873
13923,13919,9.88676
13923,14209,6.86153
13923,14231,6.04566
13925,13906,7.42797
13925,14127,1.65358
13925,14190,2.01737
13925,14221,6.62604
13925,14222,3.75566
13925,14264,5.27312
13930,13932,2.83243
13930,14028,3.30483
13930,14183,1.55255
13930,14185,11.0053
13930,14257,8.95831
13930,14258,0.402062
13930,14504,5.70197
13932,13930,2.83243
13932,14028,4.10062
13932,14242,5.12049
13932,14258,9.72072
13932,14485,4.54342
13932,14487,0.245038
13934,14043,2.1158
13934,14236,4.14645
13934,14368,6.14771
13934,14370,2.33327
13934,14371,4.48687
13934,14372,1.8163
13936,13943,3.91676
13936,14047,4.67138
13936,14231,5.51882
13936,14239,7.4096
13936,14271,4.24258
13938,14021,6.24906
13938,14084,3.43153
13938,14095,5.89345
13938,14493,8.02759
13939,13864,5.95998
13939,14046,5.00389
13939,14228,1.92583
13939,14238,7.41018
13939,14246,4.87091
13939,14259,0.99329
13939,14270,2.45806
13942,13948,6.35862
13942,14038,4.51204
13942,14045,5.48696
13942,14053,3.22233
13942,14251,2.90108
13943,13936,3.91676
13943,14062,7.53321
13943,14239,5.54679
13943,14271,5.1278
13943,14272,6.15001
13943,14357,1.3976
13945,14222,5.39896
13945,14264,4.9474
13945,14307,4.28212
13945,14489,5.16869
13947,13861,4.5131
13947,14043,0.679727
13947,14072,3.76416
13947,14268,2.70612
13947,14282,2.6951
13947,14283,7.01307
13947,14367,5.786
13948,13863,4.8379
13948,13942,6.35862
13948,13955,5.87496
13948,14045,0.826633
13948,14053,0.568412
13948,14287,3.9416
13950,13956,5.40497
13950,13977,4.63897
13950,13979,0.322064
13950,13992,5.5793
13950,14121,1.96384
13950,14549,5.67413
13955,13948,5.87496
13955,14053,4.7911
13955,14077,4.6755
13955,14287,4.61331
13955,14289,6.32239
13956,13950,5.40497
13956,13979,4.85142
13956,13993,2.06879
13956,14096,4.57398
13956,14104,1.19292
13956,14121,6.37813
13957,13958,5.99362
13957,14242,3.15682
13957,14258,4.881
13957,14279,3.52074
13957,14536,8.16093
13958,13957,5.99362
13958,14220,4.95284
13958,14242,3.07892
13958,14261,7.82532
13958,14534,4.63503
13958,14536,5.30315
13959,13862,1.27809
13959,13863,3.92675
13959,13867,4.13631
13959,14079,2.47932
13959,14285,5.68232
13959,14287,4.53212
13960,13864,5.9451
13960,14074,2.8334
13960,14269,2.41095
13960,14270,0
13960,14290,2.10425
13960,14291,5.56766
13960,14299,5.72907
13961,14062,5.96472
13961,14272,5.83057
13961,14301,5.19754
13961,14355,4.07307
13961,14356,6.64774
13963,14072,1.74557
13963,14282,6.91237
13963,14304,3.9934
13963,14314,5.99657
13963,14365,3.11052
13963,14366,5.69777
13964,14068,8.06875
13964,14074,6.08158
13964,14080,0.211892
13964,14270,0.352303
13964,14291,3.87423
13964,14319,3.26447
13966,14065,3.35316
13966,14313,5.37558
13966,14391,8.5276
13966,14448,1.35976
13966,14494,5.99842
13966,14496,2.89301
13970,13976,3.54501
13970,14071,4.71717
13970,14084,6.9294
13970,14445,3.13203
13970,14548,6.28729
13972,13868,4.79552
13972,13871,0.317423
13972,14174,0.754303
13972,14340,8.98608
13972,14342,8.50583
13972,14483,4.7131
13974,13891,2.38074
13974,13906,8.47494
13974,13996,7.5943
13974,14105,3.88149
13974,14107,5.57363
13974,14127,0.14998
13976,13970,3.54501
13976,13977,5.39853
13976,14071,0.13464
13976,14303,5.56532
13976,14304,3.10803
13976,14548,2.30998
13976,14549,3.63034
13977,13950,4.63897
13977,13976,5.39853
13977,13979,7.73856
13977,14304,4.77182
13977,14314,3.2177
13977,14549,1.47929
13979,13950,0.322064
13979,13956,4.85142
13979,13977,7.73856
13979,14085,5.08031
13979,14096,6.7853
13979,14314,2.32527
13980,14078,5.1088
13980,14085,5.15903
13980,14086,0
13980,14339,6.53808
13980,14340,7.01958
13982,13870,5.32738
13982,13897,3.11898
13982,14000,3.53602
13982,14100,4.35481
13982,14331,2.70391
13982,14355,4.05768
13982,14356,2.69395
13988,13873,1.50871
13988,13894,3.23155
13988,13896,6.21131
13988,14088,0.872633
13988,14100,0.824669
13988,14352,2.61215
13988,14353,4.80661
13990,13886,6.27247
13990,14066,2.97691
13990,14097,2.57961
13990,14105,6.67173
13990,14106,3.38676
13990,16086,4.10913
13991,13869,5.47201
13991,13872,7.015
13991,13873,4.50152
13991,13876,4.54697
13991,13889,1.96597
13991,14109,0.441884
13991,14544,4.93942
13992,13950,5.5793
13992,13995,6.25085
13992,14095,3.19876
13992,14121,4.09761
13992,14164,3.77669
13992,14549,2.62054
13993,13956,2.06879
13993,14096,6.31217
13993,14104,8.29421
13993,14172,6.1178
13995,13992,6.25085
13995,14002,6.66939
13995,14112,8.31313
13995,14121,6.1225
13995,14164,4.21969
13996,13891,1.64289
13996,13974,7.5943
13996,14004,5.12799
13996,14105,3.36313
13996,14106,7.41639
14000,13870,7.09055
14000,13907,5.53867
14000,13982,3.53602
14000,14100,2.88263
14000,14419,4.8958
14000,14420,3.86895
14002,13995,6.66939
14002,14104,5.68223
14002,14112,1.55554
14002,14121,0.473094
14002,14152,11.4007
14002,14338,3.46002
14004,13879,6.50422
14004,13891,7.46663
14004,13996,5.12799
14004,14106,0.329326
14004,14273,3.91511
14004,14343,1.4048
14011,14012,8.99752
14011,14117,8.63124
14011,14364,2.15362
14011,14449,7.36711
14011,14462,4.6484
14011,14463,6.4097
14012,14011,8.99752
14012,14361,9.25494
14012,14449,9.72468
14012,14462,9.65285
14018,13913,8.32025
14018,14375,6.18423
14018,14388,2.49304
14018,14390,3.61853
14018,14435,3.38883
14018,14436,4.63969
14018,14441,10.5653
14018,14442,4.89698
14021,13938,6.24906
14021,14095,5.35838
14021,14164,6.34986
14027,13913,6.17354
14027,14204,4.16832
14027,14216,2.29897
14027,14374,6.92766
14027,14388,6.24821
14028,13930,3.30483
14028,13932,4.10062
14028,14185,3.65955
14028,14338,3.23687
14028,14485,6.25491
14031,14186,3.66092
14031,14195,4.03256
14031,14217,1.8272
14031,14218,4.7742
14031,14226,5.40754
14035,14038,3.50699
14035,14206,4.44564
14035,14219,4.28256
14035,14228,3.80598
14035,14246,2.7506
14035,14251,5.94826
14036,14046,4.80136
14036,14230,8.60974
14036,14238,7.11721
14036,14481,5.3585
14038,13942,4.51204
14038,14035,3.50699
14038,14045,1.82061
14038,14205,0.224294
14038,14219,6.9416
14038,14227,8.11878
14038,14251,4.60252
14042,14123,4.93687
14042,14502,6.93475
14042,14527,3.03188
14042,14528,5.70845
14042,14541,6.06264
14043,13857,2.48543
14043,13861,5.57753
14043,13934,2.1158
14043,13947,0.679727
14043,14236,3.60475
14043,14367,6.93654
14043,14368,2.54519
14044,13857,1.43634
14044,13861,3.63114
14044,13862,1.0563
14044,14237,6.37268
14044,14244,1.50495
14044,14250,3.28709
14044,14268,5.2809
14045,13862,2.26509
14045,13863,4.38501
14045,13942,5.48696
14045,13948,0.826633
14045,14038,1.82061
14045,14227,3.65592
14045,14244,2.89345
14045,14250,3.91123
14046,13865,3.48229
14046,13939,5.00389
14046,14036,4.80136
14046,14047,5.69492
14046,14230,3.4449
14046,14238,2.74392
14046,14270,5.03939
14047,13865,9.00788
14047,13936,4.67138
14047,14046,5.69492
14047,14230,2.69744
14047,14231,5.45902
14047,14271,6.88185
14051,14056,4.59828
14051,14265,5.89037
14051,14380,5.61153
14051,14385,3.48517
14051,14447,4.87953
14053,13942,3.22233
14053,13948,0.568412
14053,13955,4.7911
14053,14251,6.12314
14053,14259,2.37429
14053,14269,5.25921
14053,14289,5.23377
14053,14290,1.80188
14056,13860,3.80002
14056,14051,4.59828
14056,14057,3.7464
14056,14276,1.70526
14056,14380,3.41381
14056,14446,5.41444
14056,14447,2.08324
14057,13860,5.41364
14057,14056,3.7464
14057,14276,7.08179
14057,14365,2.18642
14057,14369,3.35885
14057,14370,1.64719
14058,14225,4.54331
14058,14245,3.35826
14058,14346,3.68266
14058,14407,7.18763
14058,14408,2.41409
14058,14488,0.727312
14058,14489,3.97757
14058,14505,2.02118
14061,14257,6.44503
14061,14279,2.14233
14061,14500,6.40068
14061,14504,6.27364
14061,14539,6.88343
14061,14545,1.09193
14061,14546,4.08879
14062,13866,4.11655
14062,13943,7.53321
14062,13961,5.96472
14062,14271,3.45651
14062,14272,3.49102
14062,14354,1.15502
14062,14355,3.48139
14065,13966,3.35316
14065,14265,2.25509
14065,14391,2.42948
14065,14446,2.06145
14065,14447,6.2551
14065,14448,4.57494
14066,13886,3.98047
14066,13990,2.97691
14066,14076,3.93404
14066,14094,5.70386
14066,14106,3.42467
14068,13865,6.73038
14068,13866,4.21476
14068,13964,8.06875
14068,14270,0.995231
14068,14306,3.59648
14068,14319,1.93379
14071,13970,4.71717
14071,13976,0.13464
14071,14276,4.83219
14071,14297,4.2995
14071,14303,4.16454
14071,14445,5.92669
14071,14446,2.56506
14072,13947,3.76416
14072,13963,1.74557
14072,14073,6.77793
14072,14078,1.49367
14072,14085,4.10686
14072,14282,4.99807
14072,14283,1.27525
14072,14314,3.25701
14073,14072,6.77793
14073,14078,7.66143
14073,14283,5.31637
14073,14305,5.01947
14074,13960,2.8334
14074,13964,6.08158
14074,14080,2.97046
14074,14291,2.64121
14074,14299,2.30927
14074,14318,5.77878
14076,13872,3.86397
14076,13879,7.01223
14076,14066,3.93404
14076,14094,1.62249
14076,14098,6.91295
14076,14106,3.18281
14077,13955,4.6755
14077,14079,2.82939
14077,14287,3.24497
14077,14289,5.71032
14077,14290,1.79994
14077,14316,8.57268
14077,14326,4.30416
14077,14328,2.65125
14078,13980,5.1088
14078,14072,1.49367
14078,14073,7.66143
14078,14085,3.4909
14078,14086,8.60193
14078,14305,0.677057
14078,14340,0
14079,13867,5.9534
14079,13868,1.52588
14079,13959,2.47932
14079,14077,2.82939
14079,14287,8.21808
14079,14326,3.11168
14079,14335,7.68819
14080,13869,6.05644
14080,13964,0.211892
14080,14074,2.97046
14080,14088,2.15839
14080,14318,3.94343
14080,14319,5.72417
14084,13938,3.43153
14084,13970,6.9294
14084,14095,2.46013
14084,14313,3.50274
14084,14445,2.53452
14084,14448,2.02003
14084,14493,3.98042
14084,14548,0.695778
14085,13979,5.08031
14085,13980,5.15903
14085,14072,4.10686
14085,14078,3.4909
14085,14096,0.432208
14085,14314,7.08283
14085,14339,1.67816
14086,13868,7.89927
14086,13980,0
14086,14078,8.60193
14086,14305,1.91911
14086,14340,4.72586
14088,13869,1.57915
14088,13894,5.9059
14088,13896,4.31081
14088,13988,0.872633
14088,14080,2.15839
14088,14319,5.93054
14088,14331,3.05885
14092,14397,6.4186
14092,14408,0.448831
14092,14409,8.23335
14092,14506,6.75335
14092,14523,5.94861
14092,14524,2.03194
14092,16088,3.53208
14094,13886,0.906206
14094,14066,5.70386
14094,14076,1.62249
14094,14098,4.71859
14094,14316,4.78546
14094,14326,3.3442
14094,14328,4.04078
14095,13938,5.89345
14095,13992,3.19876
14095,14021,5.35838
14095,14084,2.46013
14095,14164,6.41364
14095,14548,6.83236
14095,14549,2.59542
14096,13956,4.57398
14096,13979,6.7853
14096,13993,6.31217
14096,14085,0.432208
14096,14172,0.138845
14096,14339,7.80151
14097,13871,3.57843
14097,13886,4.09507
14097,13990,2.57961
14097,14326,0.417522
14097,14335,7.05266
14097,16086,5.95724
14098,13872,2.72232
14098,13889,5.44412
14098,14076,6.91295
14098,14094,4.71859
14098,14328,3.25301
14100,13896,1.24599
14100,13897,5.41824
14100,13982,4.35481
14100,13988,0.824669
14100,14000,2.88263
14100,14353,4.69011
14100,14401,2.95637
14100,14419,0.288616
14104,13956,1.19292
14104,13993,8.29421
14104,14002,5.68223
14104,14121,4.72704
14104,14172,1.19723
14104,14338,4.95131
14105,13974,3.88149
14105,13990,6.67173
14105,13996,3.36313
14105,14106,1.82648
14105,14107,2.72169
14105,16086,4.26606
14106,13879,4.75852
14106,13990,3.38676
14106,13996,7.41639
14106,14004,0.329326
14106,14066,3.42467
14106,14076,3.18281
14106,14105,1.82648
14107,13914,2.5965
14107,13974,5.57363
14107,14105,2.72169
14107,14127,8.64533
14107,14341,2.68298
14107,16086,6.90213
14109,13876,5.22845
14109,13991,0.441884
14109,14131,2.48086
14109,14348,3.3403
14109,14351,3.94304
14109,14543,4.90057
14109,14544,4.79723
14112,13995,8.31313
14112,14002,1.55554
14112,14152,0.710233
14112,14164,4.58726
14112,14183,5.65796
14117,14011,8.63124
14117,14364,8.45781
14117,14463,6.50039
14121,13950,1.96384
14121,13956,6.37813
14121,13992,4.09761
14121,13995,6.1225
14121,14002,0.473094
14121,14104,4.72704
14123,14042,4.93687
14123,14410,3.90237
14123,14411,3.57145
14123,14502,1.23673
14123,14527,7.59883
14123,14534,4.68634
14123,14535,5.67171
14127,13906,4.93955
14127,13914,3.37779
14127,13925,1.65358
14127,13974,0.14998
14127,14107,8.64533
14127,14159,4.80961
14127,14221,5.1076
14131,14109,2.48086
14131,14345,5.50503
14131,14348,2.78507
14131,14349,2.86072
14131,14492,2.90299
14131,14543,1.78522
14132,13888,11.116
14132,14142,10.6028
14132,14450,1.85314
14132,14463,9.03807
14132,14468,3.94233
14134,14350,3.44345
14134,14398,3.31965
14134,14400,3.45222
14134,14416,3.28916
14134,14417,1.87663
14134,14425,4.95696
14142,14132,10.6028
14142,14148,10.9799
14142,14450,5.03672
14142,14467,3.27985
14142,14468,8.21141
14148,13902,5.03515
14148,14142,10.9799
14148,14162,6.54918
14148,14450,8.64068
14148,14467,8.55219
14151,14168,6.08856
14151,14170,8.52455
14151,14361,11.4664
14151,14389,1.44404
14151,14390,6.55158
14151,14435,2.62287
14152,14002,11.4007
14152,14112,0.710233
14152,14183,5.83846
14152,14185,9.31915
14152,14338,4.18987
14159,13914,7.16131
14159,14127,4.80961
14159,14220,3.2833
14159,14221,3.89488
14159,14486,1.65404
14159,14487,3.01991
14162,13851,0.866298
14162,13852,4.46487
14162,13902,5.2111
14162,13916,7.96576
14162,14148,6.54918
14162,14467,3.50399
14164,13992,3.77669
14164,13995,4.21969
14164,14021,6.34986
14164,14095,6.41364
14164,14112,4.58726
14166,14184,8.74726
14166,14375,4.86146
14166,14383,5.03427
14166,14442,10.3474
14166,14443,1.455
14168,14151,6.08856
14168,14170,2.64229
14168,14186,5.60814
14168,14187,4.92936
14168,14389,6.25723
14170,14151,8.52455
14170,14168,2.64229
14170,14179,5.01713
14170,14187,6.20477
14170,14361,2.57894
14170,14478,4.82315
14170,14479,5.95411
14172,13993,6.1178
14172,14096,0.138845
14172,14104,1.19723
14172,14174,7.68344
14172,14338,0.650008
14172,14339,3.58536
14172,14484,3.64126
14174,13882,3.82423
14174,13972,0.754303
14174,14172,7.68344
14174,14339,1.00977
14174,14340,4.3241
14174,14482,1.75612
14174,14483,3.41813
14174,14484,1.68561
14179,14170,5.01713
14179,14187,4.01215
14179,14188,5.28716
14179,14205,6.50716
14179,14479,4.05506
14180,13850,7.12361
14180,13851,4.64824
14180,13908,6.32026
14180,14199,5.77352
14180,14200,3.52748
14183,13930,1.55255
14183,14112,5.65796
14183,14152,5.83846
14183,14185,2.15176
14183,14504,6.97108
14183,14545,2.07044
14184,14166,8.74726
14184,14375,5.52274
14184,14376,2.71397
14184,14378,3.23111
14184,14382,7.39079
14184,14383,1.91499
14185,13930,11.0053
14185,14028,3.65955
14185,14152,9.31915
14185,14183,2.15176
14185,14338,1.27184
14186,14031,3.66092
14186,14168,5.60814
14186,14187,5.43105
14186,14195,5.06188
14186,14218,1.47904
14186,14389,4.2791
14187,14168,4.92936
14187,14170,6.20477
14187,14179,4.01215
14187,14186,5.43105
14187,14205,2.80702
14187,14218,5.32927
14188,13850,4.49977
14188,14179,5.28716
14188,14205,2.41221
14188,14206,4.46358
14188,14219,5.39072
14188,14479,3.80128
14190,13891,5.09445
14190,13906,5.34066
14190,13925,2.01737
14190,14193,4.55794
14190,14222,5.51245
14190,14245,0.357127
14193,13891,5.90743
14193,14190,4.55794
14193,14225,2.39854
14193,14245,5.7099
14193,14343,5.27964
14195,14031,4.03256
14195,14186,5.06188
14195,14204,3.84997
14195,14217,7.98545
14195,14389,5.63407
14199,13850,2.69227
14199,14180,5.77352
14199,14200,10.6068
14199,14206,10.1876
14199,14228,3.17432
14200,13851,4.46561
14200,14180,3.52748
14200,14199,10.6068
14200,14228,3.51994
14200,14238,6.56203
14200,14480,4.72785
14200,14481,7.51938
14204,13857,1.41337
14204,14027,4.16832
14204,14195,3.84997
14204,14216,6.22459
14204,14217,4.35733
14204,14236,2.70376
14204,14388,3.07558
14204,14389,2.94937
14205,14038,0.224294
14205,14179,6.50716
14205,14187,2.80702
14205,14188,2.41221
14205,14218,4.73919
14205,14219,5.58836
14205,14227,5.05864
14206,13850,4.41262
14206,14035,4.44564
14206,14188,4.46358
14206,14199,10.1876
14206,14219,4.69575
14206,14228,3.56142
14207,14351,2.61496
14207,14353,6.09148
14207,14400,3.06028
14207,14401,3.76126
14207,14415,4.20331
14209,13852,0.229938
14209,13918,10.3878
14209,13923,6.86153
14209,14231,3.40395
14209,14239,5.32898
14209,14357,7.72941
14209,14470,3.70903
14209,14472,4.43443
14216,14027,2.29897
14216,14204,6.22459
14216,14236,3.45967
14216,14371,6.92815
14216,14373,3.49632
14216,14374,4.53334
14217,13857,7.65606
14217,14031,1.8272
14217,14195,7.98545
14217,14204,4.35733
14217,14226,2.67997
14217,14237,2.87175
14218,14031,4.7742
14218,14186,1.47904
14218,14187,5.32927
14218,14205,4.73919
14218,14226,5.64271
14218,14227,7.06319
14219,14035,4.28256
14219,14038,6.9416
14219,14188,5.39072
14219,14205,5.58836
14219,14206,4.69575
14220,13958,4.95284
14220,14159,3.2833
14220,14221,6.24592
14220,14242,8.77739
14220,14261,3.39259
14220,14487,2.6533
14221,13925,6.62604
14221,14127,5.1076
14221,14159,3.89488
14221,14220,6.24592
14221,14261,5.08008
14221,14264,1.04536
14222,13925,3.75566
14222,13945,5.39896
14222,14190,5.51245
14222,14245,5.45079
14222,14264,2.5215
14222,14489,1.33052
14225,14058,4.54331
14225,14193,2.39854
14225,14245,3.0837
14225,14343,3.29295
14225,14344,1.56297
14225,14346,6.01288
14226,14031,5.40754
14226,14217,2.67997
14226,14218,5.64271
14226,14227,0.994142
14226,14237,5.57109
14226,14244,4.83754
14227,14038,8.11878
14227,14045,3.65592
14227,14205,5.05864
14227,14218,7.06319
14227,14226,0.994142
14227,14244,4.48166
14228,13939,1.92583
14228,14035,3.80598
14228,14199,3.17432
14228,14200,3.51994
14228,14206,3.56142
14228,14238,3.89573
14228,14246,6.47829
14230,13919,5.79921
14230,14036,8.60974
14230,14046,3.4449
14230,14047,2.69744
14230,14231,6.06638
14230,14480,1.56783
14230,14481,1.92182
14231,13919,1.88914
14231,13923,6.04566
14231,13936,5.51882
14231,14047,5.45902
14231,14209,3.40395
14231,14230,6.06638
14231,14239,5.29215
14236,13857,5.66458
14236,13934,4.14645
14236,14043,3.60475
14236,14204,2.70376
14236,14216,3.45967
14236,14371,3.27524
14237,13857,2.88497
14237,14044,6.37268
14237,14217,2.87175
14237,14226,5.57109
14237,14244,2.605
14238,13939,7.41018
14238,14036,7.11721
14238,14046,2.74392
14238,14200,6.56203
14238,14228,3.89573
14238,14481,1.50163
14239,13936,7.4096
14239,13943,5.54679
14239,14209,5.32898
14239,14231,5.29215
14239,14357,7.86495
14242,13932,5.12049
14242,13957,3.15682
14242,13958,3.07892
14242,14220,8.77739
14242,14258,2.60423
14242,14487,4.90117
14244,14044,1.50495
14244,14045,2.89345
14244,14226,4.83754
14244,14227,4.48166
14244,14237,2.605
14244,14250,5.76421
14245,14058,3.35826
14245,14190,0.357127
14245,14193,5.7099
14245,14222,5.45079
14245,14225,3.0837
14245,14489,4.93672
14246,13939,4.87091
14246,14035,2.7506
14246,14228,6.47829
14246,14251,3.92601
14246,14259,6.18895
14247,14397,5.09562
14247,14398,0.771333
14247,14399,4.88396
14247,14429,3.9687
14247,14430,2.42964
14247,16087,2.08338
14247,16090,5.6763
14250,13862,5.48941
14250,14044,3.28709
14250,14045,3.91123
14250,14244,5.76421
14251,13942,2.90108
14251,14035,5.94826
14251,14038,4.60252
14251,14053,6.12314
14251,14246,3.92601
14251,14259,2.26022
14257,13930,8.95831
14257,14061,6.44503
14257,14258,5.20285
14257,14279,10.225
14257,14504,4.14
14258,13930,0.402062
14258,13932,9.72072
14258,13957,4.881
14258,14242,2.60423
14258,14257,5.20285
14258,14279,5.90341
14259,13864,3.01587
14259,13939,0.99329
14259,14053,2.37429
14259,14246,6.18895
14259,14251,2.26022
14259,14269,5.55992
14261,13958,7.82532
14261,14220,3.39259
14261,14221,5.08008
14261,14264,7.83653
14261,14307,4.04459
14261,14534,3.21992
14264,13925,5.27312
14264,13945,4.9474
14264,14221,1.04536
14264,14222,2.5215
14264,14261,7.83653
14264,14307,4.07423
14265,14051,5.89037
14265,14065,2.25509
14265,14385,2.91674
14265,14386,6.40664
14265,14391,5.26272
14265,14392,5.65845
14265,14447,2.61791
14268,13861,3.75669
14268,13862,7.15696
14268,13947,2.70612
14268,14044,5.2809
14268,14283,5.76649
14268,14285,2.66728
14269,13864,2.43438
14269,13960,2.41095
14269,14053,5.25921
14269,14259,5.55992
14269,14290,3.03911
14270,13864,4.04061
14270,13865,5.74249
14270,13939,2.45806
14270,13960,0
14270,13964,0.352303
14270,14046,5.03939
14270,14068,0.995231
14270,14291,6.6974
14271,13865,1.67635
14271,13866,9.39755
14271,13936,4.24258
14271,13943,5.1278
14271,14047,6.88185
14271,14062,3.45651
14272,13943,6.15001
14272,13961,5.83057
14272,14062,3.49102
14272,14301,3.77375
14272,14357,7.64907
14272,14475,9.21119
14273,13872,3.40001
14273,13879,5.57141
14273,14004,3.91511
14273,14343,5.10915
14273,14344,0.53667
14273,14544,7.76202
14276,14056,1.70526
14276,14057,7.08179
14276,14071,4.83219
14276,14297,2.02429
14276,14365,2.67478
14276,14446,4.04524
14279,13957,3.52074
14279,14061,2.14233
14279,14257,10.225
14279,14258,5.90341
14279,14500,3.04036
14279,14536,4.197
14279,14537,8.53444
14282,13947,2.6951
14282,13963,6.91237
14282,14072,4.99807
14282,14366,0.431181
14282,14367,5.44865
14283,13947,7.01307
14283,14072,1.27525
14283,14073,5.31637
14283,14268,5.76649
14283,14285,3.40571
14283,14305,1.58231
14285,13862,4.00379
14285,13867,1.33107
14285,13959,5.68232
14285,14268,2.66728
14285,14283,3.40571
14285,14305,5.54841
14287,13863,3.27961
14287,13948,3.9416
14287,13955,4.61331
14287,13959,4.53212
14287,14077,3.24497
14287,14079,8.21808
14289,13955,6.32239
14289,14053,5.23377
14289,14077,5.71032
14289,14290,5.8869
14290,13960,2.10425
14290,14053,1.80188
14290,14077,1.79994
14290,14269,3.03911
14290,14289,5.8869
14290,14299,6.34241
14290,14328,4.09986
14291,13864,0
14291,13960,5.56766
14291,13964,3.87423
14291,14074,2.64121
14291,14270,6.6974
14297,14071,4.2995
14297,14276,2.02429
14297,14303,3.09955
14297,14304,2.44774
14297,14365,5.07999
14299,13960,5.72907
14299,14074,2.30927
14299,14290,6.34241
14299,14317,4.77378
14299,14318,2.27066
14299,14328,0.746852
14301,13961,5.19754
14301,14272,3.77375
14301,14332,8.11919
14301,14356,5.46169
14301,14456,8.64863
14301,14475,2.2616
14303,13976,5.56532
14303,14071,4.16454
14303,14297,3.09955
14303,14304,3.18826
14304,13963,3.9934
14304,13976,3.10803
14304,13977,4.77182
14304,14297,2.44774
14304,14303,3.18826
14304,14314,4.26103
14304,14365,4.77537
14305,13867,5.78726
14305,13868,2.35688
14305,14073,5.01947
14305,14078,0.677057
14305,14086,1.91911
14305,14283,1.58231
14305,14285,5.54841
14306,13866,4.80665
14306,14068,3.59648
14306,14319,7.36081
14306,14331,3.95073
14306,14354,2.35932
14307,13945,4.28212
14307,14261,4.04459
14307,14264,4.07423
14307,14410,7.77868
14307,14488,5.27043
14307,14489,1.40651
14307,14534,4.92179
14313,13966,5.37558
14313,14084,3.50274
14313,14448,6.56708
14313,14493,6.51209
14313,14494,1.87435
14314,13963,5.99657
14314,13977,3.2177
14314,13979,2.32527
14314,14072,3.25701
14314,14085,7.08283
14314,14304,4.26103
14316,14077,8.57268
14316,14094,4.78546
14316,14326,5.06672
14316,14328,5.63307
14317,13889,5.45626
14317,14299,4.77378
14317,14318,5.19307
14317,14328,8.73889
14318,13869,1.28126
14318,13889,2.15359
14318,14074,5.77878
14318,14080,3.94343
14318,14299,2.27066
14318,14317,5.19307
14319,13964,3.26447
14319,14068,1.93379
14319,14080,5.72417
14319,14088,5.93054
14319,14306,7.36081
14319,14331,1.05576
14326,13886,8.53391
14326,14077,4.30416
14326,14079,3.11168
14326,14094,3.3442
14326,14097,0.417522
14326,14316,5.06672
14326,14335,5.1215
14328,13889,1.26887
14328,14077,2.65125
14328,14094,4.04078
14328,14098,3.25301
14328,14290,4.09986
14328,14299,0.746852
14328,14316,5.63307
14328,14317,8.73889
14331,13896,1.37953
14331,13897,5.8796
14331,13982,2.70391
14331,14088,3.05885
14331,14306,3.95073
14331,14319,1.05576
14331,14354,6.11216
14331,14355,2.8997
14332,13870,6.31049
14332,13907,8.11768
14332,14301,8.11919
14332,14356,0.971306
14332,14455,6.00744
14332,14456,2.03577
14335,13868,2.71009
14335,13871,2.18613
14335,14079,7.68819
14335,14097,7.05266
14335,14326,5.1215
14338,14002,3.46002
14338,14028,3.23687
14338,14104,4.95131
14338,14152,4.18987
14338,14172,0.650008
14338,14185,1.27184
14338,14484,6.6558
14338,14485,0.646998
14339,13980,6.53808
14339,14085,1.67816
14339,14096,7.80151
14339,14172,3.58536
14339,14174,1.00977
14339,14340,3.28259
14340,13868,0.231233
14340,13972,8.98608
14340,13980,7.01958
14340,14078,0
14340,14086,4.72586
14340,14174,4.3241
14340,14339,3.28259
14341,13914,4.6433
14341,14107,2.68298
14341,14342,5.11034
14341,14482,1.65647
14341,14483,1.4786
14341,16086,2.33851
14342,13871,5.82367
14342,13972,8.50583
14342,14341,5.11034
14342,14483,2.91326
14342,16086,6.56289
14343,13891,2.26718
14343,14004,1.4048
14343,14193,5.27964
14343,14225,3.29295
14343,14273,5.10915
14343,14344,7.64442
14344,14225,1.56297
14344,14273,0.53667
14344,14343,7.64442
14344,14345,5.18166
14344,14346,3.43941
14344,14543,2.29597
14344,14544,3.51485
14345,14131,5.50503
14345,14344,5.18166
14345,14346,3.45449
14345,14492,3.05253
14345,14543,2.35124
14346,14058,3.68266
14346,14225,6.01288
14346,14344,3.43941
14346,14345,3.45449
14346,14406,5.59904
14346,14492,2.46837
14346,14505,1.66042
14348,14109,3.3403
14348,14131,2.78507
14348,14349,4.93169
14348,14351,4.28744
14348,14400,2.11655
14349,14131,2.86072
14349,14348,4.93169
14349,14350,5.1314
14349,14400,4.22665
14349,14492,4.9979
14349,16089,0.370524
14350,14134,3.44345
14350,14349,5.1314
14350,14398,3.4997
14350,14400,2.08483
14350,16089,3.54471
14350,16090,1.98474
14351,13876,3.63144
14351,14109,3.94304
14351,14207,2.61496
14351,14348,4.28744
14351,14353,4.7976
14351,14400,3.90989
14352,13873,2.96291
14352,13876,3.92121
14352,13988,2.61215
14352,14353,4.26579
14353,13876,1.20742
14353,13988,4.80661
14353,14100,4.69011
14353,14207,6.09148
14353,14351,4.7976
14353,14352,4.26579
14353,14401,4.32979
14354,13866,8.14218
14354,14062,1.15502
14354,14306,2.35932
14354,14331,6.11216
14354,14355,8.2162
14355,13961,4.07307
14355,13982,4.05768
14355,14062,3.48139
14355,14331,2.8997
14355,14354,8.2162
14355,14356,5.01812
14356,13870,5.77754
14356,13961,6.64774
14356,13982,2.69395
14356,14301,5.46169
14356,14332,0.971306
14356,14355,5.01812
14357,13943,1.3976
14357,14209,7.72941
14357,14239,7.86495
14357,14272,7.64907
14357,14472,10.9541
14357,14475,2.87565
14361,13898,7.95417
14361,14012,9.25494
14361,14151,11.4664
14361,14170,2.57894
14361,14435,5.81888
14361,14449,8.2017
14361,14462,2.15352
14361,14478,7.49919
14364,14011,2.15362
14364,14117,8.45781
14364,14438,5.65223
14364,14449,8.95178
14365,13963,3.11052
14365,14057,2.18642
14365,14276,2.67478
14365,14297,5.07999
14365,14304,4.77537
14365,14366,5.85678
14365,14369,1.92194
14366,13963,5.69777
14366,14282,0.431181
14366,14365,5.85678
14366,14367,5.01289
14366,14368,3.942
14366,14369,4.62042
14367,13947,5.786
14367,14043,6.93654
14367,14282,5.44865
14367,14366,5.01289
14367,14368,2.82915
14368,13934,6.14771
14368,14043,2.54519
14368,14366,3.942
14368,14367,2.82915
14368,14369,2.11213
14368,14370,0.313709
14369,14057,3.35885
14369,14365,1.92194
14369,14366,4.62042
14369,14368,2.11213
14369,14370,6.73007
14370,13860,2.47536
14370,13934,2.33327
14370,14057,1.64719
14370,14368,0.313709
14370,14369,6.73007
14370,14372,5.78926
14371,13934,4.48687
14371,14216,6.92815
14371,14236,3.27524
14371,14372,6.69109
14371,14373,3.04422
14372,13860,4.00958
14372,13934,1.8163
14372,14370,5.78926
14372,14371,6.69109
14372,14373,3.02606
14372,14377,3.38542
14372,14379,4.84564
14373,14216,3.49632
14373,14371,3.04422
14373,14372,3.02606
14373,14374,3.14596
14373,14376,1.5363
14373,14377,7.01102
14374,13913,1.92054
14374,14027,6.92766
14374,14216,4.53334
14374,14373,3.14596
14374,14375,3.10968
14374,14376,6.71151
14375,13913,6.79699
14375,14018,6.18423
14375,14166,4.86146
14375,14184,5.52274
14375,14374,3.10968
14375,14376,5.08232
14375,14442,3.06413
14376,14184,2.71397
14376,14373,1.5363
14376,14374,6.71151
14376,14375,5.08232
14376,14377,1.98551
14376,14378,4.06088
14377,14372,3.38542
14377,14373,7.01102
14377,14376,1.98551
14377,14378,7.34047
14377,14379,0.727674
14378,14184,3.23111
14378,14376,4.06088
14378,14377,7.34047
14378,14379,3.47542
14378,14381,7.92298
14378,14382,3.76035
14379,13860,5.76436
14379,14372,4.84564
14379,14377,0.727674
14379,14378,3.47542
14379,14380,4.57233
14379,14381,2.22877
14380,13860,3.67527
14380,14051,5.61153
14380,14056,3.41381
14380,14379,4.57233
14380,14381,7.06163
14380,14385,6.34341
14381,14378,7.92298
14381,14379,2.22877
14381,14380,7.06163
14381,14382,4.48078
14381,14384,5.63504
14381,14385,2.16491
14382,14184,7.39079
14382,14378,3.76035
14382,14381,4.48078
14382,14383,6.18159
14382,14384,2.82916
14383,14166,5.03427
14383,14184,1.91499
14383,14382,6.18159
14383,14384,7.09733
14384,14381,5.63504
14384,14382,2.82916
14384,14383,7.09733
14384,14385,6.03746
14384,14386,0.988422
14384,14387,9.38241
14385,14051,3.48517
14385,14265,2.91674
14385,14380,6.34341
14385,14381,2.16491
14385,14384,6.03746
14385,14386,6.69499
14386,14265,6.40664
14386,14384,0.988422
14386,14385,6.69499
14386,14387,6.564
14386,14392,3.84757
14386,14393,6.97724
14387,14384,9.38241
14387,14386,6.564
14387,14393,5.06725
14388,13913,6.0574
14388,14018,2.49304
14388,14027,6.24821
14388,14204,3.07558
14388,14389,10.2774
14388,14390,4.86829
14389,14151,1.44404
14389,14168,6.25723
14389,14186,4.2791
14389,14195,5.63407
14389,14204,2.94937
14389,14388,10.2774
14389,14390,5.18884
14390,14018,3.61853
14390,14151,6.55158
14390,14388,4.86829
14390,14389,5.18884
14390,14435,9.3085
14391,13966,8.5276
14391,14065,2.42948
14391,14265,5.26272
14391,14392,5.90382
14391,14496,2.9728
14392,14265,5.65845
14392,14386,3.84757
14392,14391,5.90382
14392,14393,6.32703
14392,14394,3.14312
14392,14496,3.33544
14392,14497,6.98525
14393,14386,6.97724
14393,14387,5.06725
14393,14392,6.32703
14393,14394,10.1408
14394,14392,3.14312
14394,14393,10.1408
14397,14092,6.4186
14397,14247,5.09562
14397,14429,5.02438
14397,14523,5.55771
14397,14530,0.730246
14397,14531,6.44962
14397,16087,3.63349
14397,16088,0.735702
14398,14134,3.31965
14398,14247,0.771333
14398,14350,3.4997
14398,14399,3.40746
14398,14425,3.27137
14398,16090,3.33871
14399,14247,4.88396
14399,14398,3.40746
14399,14425,2.8501
14399,14426,4.5603
14399,14427,1.69233
14399,14430,6.6486
14400,14134,3.45222
14400,14207,3.06028
14400,14348,2.11655
14400,14349,4.22665
14400,14350,2.08483
14400,14351,3.90989
14400,14415,1.97953
14400,14416,3.867
14401,14100,2.95637
14401,14207,3.76126
14401,14353,4.32979
14401,14415,1.99902
14401,14419,5.6419
14405,14406,4.79018
14405,14492,2.48553
14405,14505,2.81353
14405,14506,0.76013
14405,16088,3.85561
14405,16089,2.41858
14406,14346,5.59904
14406,14405,4.79018
14406,14492,3.23102
14406,14505,3.6563
14407,14058,7.18763
14407,14408,3.13127
14407,14409,3.15962
14407,14488,5.92942
14408,14058,2.41409
14408,14092,0.448831
14408,14407,3.13127
14408,14409,5.14566
14408,14505,3.79754
14408,14506,3.11885
14409,14092,8.23335
14409,14407,3.15962
14409,14408,5.14566
14409,14488,6.63098
14409,14524,3.62195
14409,14525,7.76106
14409,14526,0.970158
14410,14123,3.90237
14410,14307,7.77868
14410,14411,6.35933
14410,14488,1.89541
14410,14534,3.67003
14411,14123,3.57145
14411,14410,6.35933
14411,14488,2.97252
14411,14526,6.94557
14411,14527,3.0673
14414,14525,1.58995
14414,14526,5.57803
14414,14527,8.91132
14414,14528,3.20558
14414,14529,9.34217
14415,14207,4.20331
14415,14400,1.97953
14415,14401,1.99902
14415,14416,7.76269
14415,14419,3.9268
14415,14420,2.62318
14416,14134,3.28916
14416,14400,3.867
14416,14415,7.76269
14416,14417,7.20208
14416,14420,0.423144
14417,14134,1.87663
14417,14416,7.20208
14417,14418,6.86138
14417,14420,0.87127
14417,14421,3.13326
14417,14425,3.93538
14418,14417,6.86138
14418,14421,3.2261
14418,14422,3.34623
14418,14425,1.02168
14418,14426,3.99823
14418,14427,4.22541
14418,14453,5.78284
14419,14000,4.8958
14419,14100,0.288616
14419,14401,5.6419
14419,14415,3.9268
14419,14420,6.35736
14420,13907,1.82168
14420,14000,3.86895
14420,14415,2.62318
14420,14416,0.423144
14420,14417,0.87127
14420,14419,6.35736
14420,14421,8.24485
14420,14422,0
14421,13907,0
14421,14417,3.13326
14421,14418,3.2261
14421,14420,8.24485
14421,14422,8.66064
14422,13907,6.57045
14422,14418,3.34623
14422,14420,0
14422,14421,8.66064
14422,14453,6.66049
14422,14454,6.48195
14425,14134,4.95696
14425,14398,3.27137
14425,14399,2.8501
14425,14417,3.93538
14425,14418,1.02168
14425,14426,7.72236
14426,14399,4.5603
14426,14418,3.99823
14426,14425,7.72236
14426,14427,8.06651
14427,14399,1.69233
14427,14418,4.22541
14427,14426,8.06651
14427,14430,4.36082
14427,14433,3.70548
14427,14453,3.60364
14427,14532,10.1123
14427,14533,0.45812
14429,14247,3.9687
14429,14397,5.02438
14429,14430,5.59047
14429,14531,7.15924
14429,14533,5.09838
14430,14247,2.42964
14430,14399,6.6486
14430,14427,4.36082
14430,14429,5.59047
14430,14533,7.10251
14433,14427,3.70548
14433,14453,6.32819
14433,14459,7.64746
14433,14532,7.3546
14435,14018,3.38883
14435,14151,2.62287
14435,14361,5.81888
14435,14390,9.3085
14435,14436,10.9759
14435,14449,0.432872
14436,14018,4.63969
14436,14435,10.9759
14436,14437,9.97829
14436,14441,3.18449
14436,14449,8.24504
14437,14436,9.97829
14437,14438,10.1364
14437,14441,6.92273
14437,14449,6.37737
14438,14364,5.65223
14438,14437,10.1364
14438,14440,12.4649
14438,14441,5.86124
14438,14449,4.99097
14440,14438,12.4649
14440,14441,7.50125
14441,14018,10.5653
14441,14436,3.18449
14441,14437,6.92273
14441,14438,5.86124
14441,14440,7.50125
14441,14442,9.64214
14441,14443,2.99017
14442,14018,4.89698
14442,14166,10.3474
14442,14375,3.06413
14442,14441,9.64214
14442,14443,13.5472
14443,14166,1.455
14443,14441,2.99017
14443,14442,13.5472
14445,13970,3.13203
14445,14071,5.92669
14445,14084,2.53452
14445,14446,3.92491
14445,14448,4.37592
14446,14056,5.41444
14446,14065,2.06145
14446,14071,2.56506
14446,14276,4.04524
14446,14445,3.92491
14446,14447,4.15057
14446,14448,3.18027
14447,14051,4.87953
14447,14056,2.08324
14447,14065,6.2551
14447,14265,2.61791
14447,14446,4.15057
14448,13966,1.35976
14448,14065,4.57494
14448,14084,2.02003
14448,14313,6.56708
14448,14445,4.37592
14448,14446,3.18027
14449,14011,7.36711
14449,14012,9.72468
14449,14361,8.2017
14449,14364,8.95178
14449,14435,0.432872
14449,14436,8.24504
14449,14437,6.37737
14449,14438,4.99097
14450,13898,6.46738
14450,13901,7.49078
14450,13902,3.10445
14450,14132,1.85314
14450,14142,5.03672
14450,14148,8.64068
14450,14462,7.87931
14450,14463,4.71087
14453,14418,5.78284
14453,14422,6.66049
14453,14427,3.60364
14453,14433,6.32819
14453,14454,1.02359
14453,14459,8.36779
14454,13907,6.11924
14454,14422,6.48195
14454,14453,1.02359
14454,14455,5.90222
14454,14459,2.97888
14454,14460,9.10159
14455,13907,2.00042
14455,14332,6.00744
14455,14454,5.90222
14455,14456,8.25713
14455,14460,0.789084
14456,14301,8.64863
14456,14332,2.03577
14456,14455,8.25713
14456,14475,9.9145
14459,14433,7.64746
14459,14453,8.36779
14459,14454,2.97888
14459,14460,7.51656
14460,14454,9.10159
14460,14455,0.789084
14460,14459,7.51656
14462,13898,6.582
14462,14011,4.6484
14462,14012,9.65285
14462,14361,2.15352
14462,14450,7.87931
14462,14463,10.9141
14463,13888,7.89848
14463,14011,6.4097
14463,14117,6.50039
14463,14132,9.03807
14463,14450,4.71087
14463,14462,10.9141
14467,13852,6.72168
14467,13918,4.79536
14467,14142,3.27985
14467,14148,8.55219
14467,14162,3.50399
14467,14468,10.8548
14467,14469,7.95209
14468,14132,3.94233
14468,14142,8.21141
14468,14467,10.8548
14468,14469,3.43792
14469,13918,4.88846
14469,14467,7.95209
14469,14468,3.43792
14469,14470,12.5013
14470,13918,3.24118
14470,14209,3.70903
14470,14469,12.5013
14470,14472,4.61747
14470,14476,4.07805
14472,14209,4.43443
14472,14357,10.9541
14472,14470,4.61747
14472,14475,5.57598
14472,14476,13.8922
14475,14272,9.21119
14475,14301,2.2616
14475,14357,2.87565
14475,14456,9.9145
14475,14472,5.57598
14475,14476,3.46136
14476,14470,4.07805
14476,14472,13.8922
14476,14475,3.46136
14478,13850,3.44874
14478,13898,2.7568
14478,13901,5.38034
14478,14170,4.82315
14478,14361,7.49919
14478,14479,7.94021
14479,13850,7.28905
14479,14170,5.95411
14479,14179,4.05506
14479,14188,3.80128
14479,14478,7.94021
14480,13851,1.89698
14480,13916,7.01086
14480,13919,6.16752
14480,14200,4.72785
14480,14230,1.56783
