label, neighbor, wall area
3567,3596,7.9176
3567,3668,1.03051
3567,3923,4.84097
3567,3981,6.74214
3567,4041,3.26652
3568,3631,2.40264
3568,3759,3.71004
3568,3776,2.63042
3568,3881,4.73637
3568,3884,2.45782
3568,4077,2.13549
3568,4137,2.76198
3568,4138,2.52343
3569,3673,5.79036
3569,3675,4.8161
3569,3691,5.37825
3569,3831,6.22238
3569,3835,5.12174
3569,3989,1.8701
3569,3990,3.48998
3570,3606,6.15357
3570,3625,2.92311
3570,3730,5.78815
3570,3738,3.47542
3570,3942,1.47093
3570,3944,9.4939
3574,3907,0
3574,3916,5.0685
3574,4000,3.15526
3574,4048,2.25888
3574,4049,1.61783
3574,4062,5.70705
3574,4063,2.63343
3576,3625,0.339715
3576,3694,5.76419
3576,3741,2.9048
3576,3913,3.87072
3576,4014,5.18274
3576,4087,6.29872
3578,3632,3.50481
3578,3697,5.303
3578,3773,4.59262
3578,4024,2.86539
3578,4125,3.17902
3581,3645,2.40655
3581,3659,5.08401
3581,3770,6.66344
3581,3771,3.54611
3581,3827,6.09574
3581,3878,4.23492
3582,3803,3.65471
3582,3805,6.96513
3582,3852,4.67594
3582,3855,2.7679
3582,4039,3.30884
3584,3678,1.49159
3584,3756,4.66295
3584,3941,4.04726
3584,4019,6.69145
3584,4122,4.71256
3585,3811,4.65113
3585,3936,1.23877
3585,4059,2.57057
3585,4060,2.93229
3585,4061,2.81533
3585,4066,3.07676
3586,3610,2.42035
3586,3698,3.35338
3586,3772,1.84384
3586,3883,3.37162
3586,3890,2.53275
3586,3953,0.601899
3586,4086,5.11946
3589,3634,3.37101
3589,3648,6.49698
3589,3715,2.90179
3589,3784,2.77702
3589,3832,1.46701
3589,3893,4.906
3589,4135,4.5912
3590,3612,1.86571
3590,3643,2.21325
3590,3786,4.61511
3590,3787,3.71047
3590,3810,5.0258
3590,4015,2.31702
3591,3747,5.789
3591,3748,2.82297
3591,3869,5.08345
3591,3889,3.45677
3591,3918,1.6873
3591,4043,2.90673
3591,4044,3.01718
3592,3594,3.24086
3592,3727,2.51702
3592,3768,2.98513
3592,3769,1.57469
3592,3867,4.09242
3592,4117,4.90647
3592,4118,1.42652
3593,3736,4.26348
3593,3756,3.36787
3593,3880,4.63711
3593,3886,4.17132
3593,3892,2.78194
3593,3943,1.09221
3593,3982,2.27501
3594,3592,3.24086
3594,3723,4.91291
3594,3727,1.68861
3594,3867,4.23335
3594,3868,2.00192
3595,4095,1.25808
3595,4097,8.00378
3595,4100,2.26599
3595,4101,3.25197
3596,3567,7.9176
3596,3665,2.60232
3596,3668,2.52712
3596,3724,4.70542
3596,3897,3.07559
3596,4041,1.75623
3597,3871,5.2021
3597,3901,2.88964
3597,3904,4.78977
3597,3917,3.85006
3597,3943,1.42476
3597,3945,7.22239
3598,3649,3.27468
3598,3671,5.15701
3598,3863,5.04819
3598,3919,3.12264
3601,3640,3.85622
3601,3672,5.15299
3601,3676,3.27405
3601,3678,4.91126
3601,4106,2.77245
3603,3721,3.86485
3603,3733,4.93743
3603,3746,4.94789
3603,3950,5.35172
3606,3570,6.15357
3606,3730,4.65199
3606,3872,0.569864
3606,3942,9.64954
3607,3608,2.61334
3607,3629,9.37701
3607,3707,7.97647
3607,3770,1.88918
3607,4129,4.08757
3607,4130,2.13362
3608,3607,2.61334
3608,3706,1.43003
3608,3707,2.71505
3608,4083,4.65678
3608,4130,4.29077
3609,3695,3.38973
3609,3782,6.84987
3609,3823,6.38654
3609,3888,1.88659
3609,3910,6.02177
3610,3586,2.42035
3610,3612,2.8456
3610,3698,3.19837
3610,3701,4.33423
3610,3786,1.04393
3610,3890,4.77751
3611,3731,3.49921
3611,3737,6.67277
3611,3740,4.04441
3611,3744,5.48236
3611,4045,6.27829
3611,4046,1.90843
3612,3590,1.86571
3612,3610,2.8456
3612,3701,4.39825
3612,3713,3.19331
3612,3786,4.99176
3612,3810,3.55918
3613,3630,4.73183
3613,3705,6.13781
3613,3864,4.19698
3613,3970,4.70338
3613,3971,1.62592
3613,4070,0.645971
3614,3711,6.76895
3614,3728,7.32524
3614,3782,7.72039
3614,3812,5.28028
3614,3910,6.22983
3615,3708,1.58113
3615,3778,3.82443
3615,4000,0.986454
3615,4063,2.40665
3615,4064,3.26946
3615,4116,7.20399
3616,3617,5.24257
3616,3727,2.77158
3616,3745,1.6999
3616,3791,5.13061
3616,3949,1.92057
3616,4117,1.78959
3616,4118,3.8582
3617,3616,5.24257
3617,3681,4.75495
3617,3791,1.75583
3617,3793,3.12271
3617,3795,2.11497
3617,3949,3.89186
3618,3626,1.81036
3618,3663,1.97017
3618,3745,2.95632
3618,3769,2.78635
3618,3898,6.39097
3618,4117,4.17832
3620,3700,2.17249
3620,3703,5.09264
3620,3760,3.58978
3620,3961,1.42958
3620,3962,5.58218
3622,3725,3.36141
3622,3750,4.16351
3622,3950,3.03033
3622,4052,0.655938
3622,4053,3.01106
3622,4054,4.46124
3622,4055,1.19457
3623,3828,6.0347
3623,3882,6.91845
3623,3981,2.81011
3623,4131,3.15625
3623,4134,3.55528
3624,3662,4.14949
3624,3719,1.51446
3624,3739,0.932198
3624,3754,3.591
3624,3820,2.10052
3624,3893,2.34631
3624,3895,5.2484
3624,4018,5.94003
3625,3570,2.92311
3625,3576,0.339715
3625,3738,8.78993
3625,3741,4.37175
3625,3944,4.46032
3625,4014,7.46563
3625,4089,3.05799
3626,3618,1.81036
3626,3745,4.49828
3626,3870,1.89702
3626,3898,1.63968
3626,3902,5.0008
3626,3949,2.97142
3626,3955,2.48444
3627,3743,3.77869
3627,3758,6.53091
3627,3766,3.82562
3627,3783,2.95023
3627,4076,2.68595
3627,4078,3.03468
3628,3694,1.57293
3628,3704,7.64513
3628,3741,4.33032
3628,3975,7.64039
3629,3607,9.37701
3629,3770,5.43613
3629,3822,3.83042
3629,3826,4.63785
3629,4026,8.501
3630,3613,4.73183
3630,3663,1.55411
3630,3705,3.39869
3630,3708,0.77626
3630,3898,4.62458
3630,4007,4.75251
3630,4070,4.60204
3631,3568,2.40264
3631,3759,5.09892
3631,3760,4.75468
3631,3848,1.00451
3631,4136,2.71503
3631,4137,4.95078
3632,3578,3.50481
3632,3645,3.16671
3632,3773,2.07769
3632,3774,3.70917
3632,3829,7.24596
3632,3883,2.13971
3632,4125,3.26958
3634,3589,3.37101
3634,3703,2.96678
3634,3832,4.59098
3634,4124,2.60927
3634,4135,6.24825
3635,3643,3.58285
3635,3702,0.312141
3635,3909,2.7787
3635,3914,4.61527
3635,3919,2.05436
3635,4015,5.95947
3635,4142,4.66558
3636,3640,0.340765
3636,3680,5.86565
3636,3800,4.99047
3636,3849,1.31085
3636,3869,7.14619
3636,3937,5.46408
3637,3806,4.31487
3637,3857,3.05132
3637,3859,5.73161
3637,4111,5.98968
3638,3859,6.22663
3638,4035,1.31945
3638,4111,3.55759
3638,4112,2.23467
3639,3804,8.51946
3639,3809,5.1484
3639,4094,4.54866
3639,4095,0.645152
3640,3601,3.85622
3640,3636,0.340765
3640,3676,1.18538
3640,3678,3.91909
3640,3680,5.74832
3640,3937,4.61569
3640,4019,3.45547
3642,3757,11.1626
3642,3940,3.29536
3642,4033,1.672
3643,3590,2.21325
3643,3635,3.58285
3643,3702,5.25969
3643,3810,2.18636
3643,4015,4.40487
3643,4139,1.52891
3644,3646,5.70912
3644,3682,4.67529
3644,3683,4.2747
3644,3821,5.47151
3644,4056,0.771515
3645,3581,2.40655
3645,3632,3.16671
3645,3774,4.85064
3645,3827,0.79939
3645,3878,4.49229
3645,3883,5.87822
3645,3953,2.0132
3646,3644,5.70912
3646,3934,3.63837
3646,4055,2.29838
3646,4056,4.03982
3648,3589,6.49698
3648,3784,5.48458
3648,3893,3.24954
3648,3895,6.35808
3649,3598,3.27468
3649,3804,4.66
3649,3814,7.15764
3649,3863,3.46458
3649,3919,3.60955
3650,3654,3.27257
3650,3686,1.92107
3650,3714,4.33642
3650,3915,3.94482
3650,4040,4.29194
3651,3927,3.19179
3651,4021,4.0471
3651,4108,2.41306
3651,4110,4.94273
3653,3660,2.57078
3653,3671,5.63755
3653,3674,4.97876
3653,3863,6.15155
3653,3877,2.78664
3654,3650,3.27257
3654,3668,4.04865
3654,3714,0.589225
3654,3724,3.10721
3654,3987,2.18643
3654,3988,2.77208
3654,4040,1.61289
3655,3735,2.70053
3655,3906,3.48954
3655,3961,1.33544
3655,4081,2.45897
3655,4082,4.94581
3656,3659,0
3656,3822,6.48449
3656,3826,6.78774
3656,3872,4.61166
3656,3942,6.5953
3656,3944,7.28275
3657,3680,5.24688
3657,3869,4.31171
3657,3875,2.67268
3657,3880,1.41074
3657,3948,3.31691
3657,4043,5.81902
3659,3581,5.08401
3659,3656,0
3659,3770,1.02994
3659,3826,8.96025
3659,3878,4.98128
3659,3944,6.13494
3659,3946,5.40536
3660,3653,2.57078
3660,3674,8.58872
3660,3676,3.58508
3660,3877,2.70895
3660,3891,8.44198
3661,3662,2.50353
3661,3701,2.81419
3661,3753,2.81904
3661,3833,4.3166
3661,3890,4.96872
3661,4123,2.8221
3662,3624,4.14949
3662,3661,2.50353
3662,3753,4.64226
3662,3754,3.40529
3662,3833,5.32361
3662,3893,0.594241
3663,3618,1.97017
3663,3630,1.55411
3663,3769,3.8631
3663,3894,4.10554
3663,3898,3.53053
3663,4070,3.52585
3664,3834,3.76733
3664,3895,5.86476
3664,4018,3.62388
3664,4147,3.41636
3665,3596,2.60232
3665,3813,2.35684
3665,3886,1.65596
3665,3887,2.05955
3665,3892,5.4796
3665,3897,4.68935
3665,4041,2.25638
3665,4042,1.72694
3666,3834,3.8245
3666,3889,2.66657
3666,3899,3.64887
3666,3959,5.61734
3666,4031,1.444
3666,4147,3.03779
3666,4148,5.25065
3668,3567,1.03051
3668,3596,2.52712
3668,3654,4.04865
3668,3724,2.73591
3668,3923,3.40616
3668,3988,1.01067
3668,3989,3.42422
3668,3990,2.61701
3671,3598,5.15701
3671,3653,5.63755
3671,3674,0.969911
3671,3794,6.00818
3671,3863,1.27868
3671,3919,1.7455
3671,4142,5.92563
3672,3601,5.15299
3672,3676,2.66308
3672,3830,3.55449
3672,3836,4.51093
3672,4020,4.90438
3672,4106,3.8658
3672,4128,1.54457
3673,3569,5.79036
3673,3675,5.77927
3673,3685,6.83962
3673,3885,7.00193
3673,3987,1.59852
3673,3988,4.9165
3673,3989,5.24097
3673,4036,0.816555
3674,3653,4.97876
3674,3660,8.58872
3674,3671,0.969911
3674,3676,1.58294
3674,3794,4.98818
3674,3800,7.23782
3674,4153,2.79541
3675,3569,4.8161
3675,3673,5.77927
3675,3685,1.74644
3675,3690,6.86931
3675,3691,2.12917
3675,3757,1.64277
3675,3958,4.98639
3676,3601,3.27405
3676,3640,1.18538
3676,3660,3.58508
3676,3672,2.66308
3676,3674,1.58294
3676,3800,2.92003
3676,3891,2.61759
3676,3937,6.89764
3676,4020,3.58607
3677,3678,1.59133
3677,3941,4.28776
3677,3947,3.92432
3677,4021,3.8723
3677,4107,3.6319
3678,3584,1.49159
3678,3601,4.91126
3678,3640,3.91909
3678,3677,1.59133
3678,3941,5.4861
3678,4019,1.57676
3678,4106,5.3427
3678,4107,0.841806
3679,3682,0.87496
3679,3683,4.59021
3679,3728,7.64094
3679,3812,5.64296
3679,3815,4.99217
3679,3821,2.53676
3680,3636,5.86565
3680,3640,5.74832
3680,3657,5.24688
3680,3948,3.95899
3680,4019,3.03315
3681,3617,4.75495
3681,3734,6.68534
3681,3795,2.86835
3681,3949,2.69727
3681,3955,3.16328
3682,3644,4.67529
3682,3679,0.87496
3682,3683,5.5012
3682,3711,0.403329
3682,3728,6.77193
3683,3644,4.2747
3683,3679,4.59021
3683,3682,5.5012
3683,3821,5.16808
3685,3673,6.83962
3685,3675,1.74644
3685,3885,9.59172
3685,3958,8.46728
3685,4034,4.73525
3686,3650,1.92107
3686,3714,3.52378
3686,3887,2.0187
3686,3911,1.55309
3686,3915,3.17914
3686,3929,2.78017
3686,4144,4.34747
3690,3675,6.86931
3690,3691,5.87712
3690,3757,5.1187
3690,3841,4.00091
3690,3940,4.4141
3691,3569,5.37825
3691,3675,2.12917
3691,3690,5.87712
3691,3835,10.389
3691,3837,5.88357
3691,3841,2.55201
3693,3695,2.45289
3693,3847,3.30686
3693,3862,5.385
3693,4069,3.64185
3693,4113,5.00246
3694,3576,5.76419
3694,3628,1.57293
3694,3710,2.46817
3694,3741,2.75102
3694,3775,4.66755
3694,3913,4.4622
3694,3975,9.63247
3695,3609,3.38973
3695,3693,2.45289
3695,3823,5.43034
3695,3845,5.87101
3695,3862,2.91461
3695,3888,4.8729
3695,4113,0.742193
3697,3578,5.303
3697,3700,5.13442
3697,4024,2.2942
3697,4125,0.930883
3697,4126,3.24118
3698,3586,3.35338
3698,3610,3.19837
3698,3710,1.45049
3698,3772,4.42862
3698,3786,4.6171
3698,3787,2.15037
3699,3841,5.43128
3699,3940,5.94734
3700,3620,2.17249
3700,3697,5.13442
3700,3703,4.10349
3700,3735,4.28519
3700,3961,4.61271
3700,4126,1.5779
3701,3610,4.33423
3701,3612,4.39825
3701,3661,2.81419
3701,3713,2.11613
3701,3753,4.81204
3701,3890,4.18838
3702,3635,0.312141
3702,3643,5.25969
3702,4139,4.12545
3702,4141,4.37512
3702,4142,2.84487
3702,4155,3.43914
3703,3620,5.09264
3703,3634,2.96678
3703,3700,4.10349
3703,3760,3.47526
3703,4124,3.30689
3703,4126,4.57715
3703,4135,1.43587
3704,3628,7.64513
3704,3738,6.92961
3704,3741,3.89571
3705,3613,6.13781
3705,3630,3.39869
3705,3708,3.6227
3705,3956,5.90828
3705,3971,3.20758
3705,3972,1.70029
3706,3608,1.43003
3706,3735,3.41679
3706,4024,7.01818
3706,4082,1.1498
3706,4083,6.2183
3706,4130,5.30242
3707,3607,7.97647
3707,3608,2.71505
3708,3615,1.58113
3708,3630,0.77626
3708,3705,3.6227
3708,3778,2.5443
3708,3779,3.18549
3708,3956,3.45502
3708,4007,4.15482
3708,4116,3.20233
3710,3694,2.46817
3710,3698,1.45049
3710,3772,4.75825
3710,3775,4.3714
3710,3777,3.0046
3710,3787,8.37163
3710,3913,4.32189
3711,3614,6.76895
3711,3682,0.403329
3711,3728,6.43605
3711,3782,1.24863
3713,3612,3.19331
3713,3701,2.11613
3713,3719,3.18909
3713,3753,3.97258
3713,3754,0.754107
3713,3810,2.13494
3713,4140,3.77952
3714,3650,4.33642
3714,3654,0.589225
3714,3686,3.52378
3714,3724,5.37348
3714,3887,2.81605
3714,3897,1.57589
3715,3589,2.90179
3715,3784,6.06705
3715,3848,3.85083
3715,3868,3.79359
3715,4032,1.2839
3715,4135,2.65844
3715,4136,2.35434
3718,3818,4.79862
3718,3927,6.68363
3718,3947,0.698274
3718,3954,3.62048
3718,4021,1.10466
3718,4132,2.06366
3718,4133,1.13099
3719,3624,1.51446
3719,3713,3.18909
3719,3754,4.7474
3719,3820,4.54984
3719,4140,2.45346
3721,3603,3.86485
3721,3732,2.98043
3721,3733,4.19311
3721,3750,5.21947
3721,3950,0.652111
3721,4051,2.33145
3721,4052,2.1009
3723,3594,4.91291
3723,3727,3.10138
3723,3868,2.91496
3723,4031,5.85514
3723,4032,3.39697
3724,3596,4.70542
3724,3654,3.10721
3724,3668,2.73591
3724,3714,5.37348
3724,3897,3.31806
3725,3622,3.36141
3725,3749,4.88362
3725,3752,2.43111
3725,3912,1.91504
3725,3934,4.10108
3725,3950,4.81589
3725,4055,1.86098
3727,3592,2.51702
3727,3594,1.68861
3727,3616,2.77158
3727,3723,3.10138
3727,3791,3.05653
3727,4031,4.22837
3727,4118,4.82644
3728,3614,7.32524
3728,3679,7.64094
3728,3682,6.77193
3728,3711,6.43605
3728,3812,0.803841
3730,3570,5.78815
3730,3606,4.65199
3730,3738,7.98357
3731,3611,3.49921
3731,3732,5.50333
3731,3744,5.06517
3731,4046,0.700657
3731,4047,5.19221
3731,4048,3.41641
3731,4050,1.49344
3731,4051,1.63633
3732,3721,2.98043
3732,3731,5.50333
3732,3733,3.69258
3732,3742,1.70399
3732,3744,4.2777
3732,4051,4.93684
3733,3603,4.93743
3733,3721,4.19311
3733,3732,3.69258
3733,3742,3.78775
3733,3803,4.75143
3733,3805,3.35761
3734,3681,6.68534
3734,3737,5.28379
3734,3795,2.03961
3734,3797,1.24315
3734,3955,1.13786
3734,4045,5.07315
3735,3655,2.70053
3735,3700,4.28519
3735,3706,3.41679
3735,3961,3.49766
3735,4024,2.30971
3735,4082,2.43808
3736,3593,4.26348
3736,3756,5.74727
3736,3817,7.31099
3736,3892,2.72463
3736,4121,1.44986
3736,4122,0.76029
3737,3611,6.67277
3737,3734,5.28379
3737,3740,1.18442
3737,3797,5.9758
3737,3799,3.32273
3737,4045,1.96669
3738,3570,3.47542
3738,3625,8.78993
3738,3704,6.92961
3738,3730,7.98357
3738,3741,2.49899
3739,3624,0.932198
3739,3747,2.84301
3739,3748,4.64569
3739,3820,0.661175
3739,3838,4.03309
3739,4018,4.91899
3739,4093,6.1305
3740,3611,4.04441
3740,3737,1.18442
3740,3742,2.65013
3740,3744,4.07945
3740,3799,4.67435
3740,3801,3.27924
3740,3802,1.94347
3741,3576,2.9048
3741,3625,4.37175
3741,3628,4.33032
3741,3694,2.75102
3741,3704,3.89571
3741,3738,2.49899
3742,3732,1.70399
3742,3733,3.78775
3742,3740,2.65013
3742,3744,5.48484
3742,3801,3.71128
3742,3803,4.48647
3743,3627,3.77869
3743,3766,4.62183
3743,3780,4.7987
3743,4078,4.55401
3743,4079,2.71698
3744,3611,5.48236
3744,3731,5.06517
3744,3732,4.2777
3744,3740,4.07945
3744,3742,5.48484
3745,3616,1.6999
3745,3618,2.95632
3745,3626,4.49828
3745,3949,4.1337
3745,4117,4.51964
3746,3603,4.94789
3746,3749,4.53657
3746,3805,3.68251
3746,3806,5.51558
3746,3950,3.81461
3746,4111,3.5129
3747,3591,5.789
3747,3739,2.84301
3747,3748,4.37374
3747,3838,6.97708
3747,3869,1.95368
3748,3591,2.82297
3748,3739,4.64569
3748,3747,4.37374
3748,3834,7.41963
3748,3889,3.4556
3748,4018,3.82863
3749,3725,4.88362
3749,3746,4.53657
3749,3752,6.61278
3749,3950,0.841014
3749,4111,2.04384
3750,3622,4.16351
3750,3721,5.21947
3750,3950,3.29951
3750,4052,3.35599
3752,3725,2.43111
3752,3749,6.61278
3752,3912,4.95654
3752,4111,4.84703
3752,4112,3.04033
3753,3661,2.81904
3753,3662,4.64226
3753,3701,4.81204
3753,3713,3.97258
3753,3754,2.95308
3754,3624,3.591
3754,3662,3.40529
3754,3713,0.754107
3754,3719,4.7474
3754,3753,2.95308
3756,3584,4.66295
3756,3593,3.36787
3756,3736,5.74727
3756,3880,4.95984
3756,3948,1.67073
3756,4019,1.73255
3756,4122,1.69304
3757,3642,11.1626
3757,3675,1.64277
3757,3690,5.1187
3757,3940,5.64086
3757,3958,11.0822
3757,4033,5.00994
3757,4034,0.800486
3758,3627,6.53091
3758,3881,3.20106
3758,3884,5.96886
3758,4076,3.03588
3758,4078,2.65519
3759,3568,3.71004
3759,3631,5.09892
3759,3776,4.10436
3759,3848,3.66766
3759,3858,3.9494
3760,3620,3.58978
3760,3631,4.75468
3760,3703,3.47526
3760,3962,2.52307
3760,4135,4.83183
3760,4136,2.28813
3760,4137,2.2045
3762,3783,4.77587
3762,3854,3.07283
3762,4073,5.01347
3762,4076,4.45095
3765,3822,6.22356
3765,3872,7.03103
3765,4026,3.35715
3766,3627,3.82562
3766,3743,4.62183
3766,3780,2.97893
3766,3781,6.44148
3766,3783,4.35463
3766,3874,2.93755
3768,3592,2.98513
3768,3769,3.60984
3768,3867,0.679777
3768,3894,3.77539
3768,4119,3.24037
3769,3592,1.57469
3769,3618,2.78635
3769,3663,3.8631
3769,3768,3.60984
3769,3894,1.16673
3769,4117,3.93216
3770,3581,6.66344
3770,3607,1.88918
3770,3629,5.43613
3770,3659,1.02994
3770,3771,0.242879
3770,3826,7.76521
3770,4129,4.82119
3771,3581,3.54611
3771,3770,0.242879
3771,3773,0.76641
3771,3827,3.20697
3771,4129,3.14496
3771,4130,4.39105
3772,3586,1.84384
3772,3698,4.42862
3772,3710,4.75825
3772,3913,3.42334
3772,4086,1.74808
3772,4087,8.13911
3773,3578,4.59262
3773,3632,2.07769
3773,3771,0.76641
3773,3774,4.41622
3773,3827,4.04472
3773,4024,5.7071
3773,4130,2.09894
3774,3632,3.70917
3774,3645,4.85064
3774,3773,4.41622
3774,3827,2.60911
3775,3694,4.66755
3775,3710,4.3714
3775,3777,5.55592
3775,3900,6.98532
3775,3909,0.380736
3775,3975,4.7779
3776,3568,2.63042
3776,3759,4.10436
3776,3858,3.46587
3776,4075,3.53773
3776,4077,4.74131
3776,4119,5.40551
3776,4120,0.353465
3777,3710,3.0046
3777,3775,5.55592
3777,3787,2.39127
3777,3909,4.96326
3777,4015,5.02351
3778,3615,3.82443
3778,3708,2.5443
3778,3779,4.51818
3778,3907,2.05512
3778,4000,4.29864
3779,3708,3.18549
3779,3778,4.51818
3779,3902,6.40306
3779,3907,1.67431
3779,4007,3.74157
3780,3743,4.7987
3780,3766,2.97893
3780,3781,2.05988
3780,4023,7.80648
3781,3766,6.44148
3781,3780,2.05988
3781,3789,4.66189
3781,3808,3.7533
3781,3874,4.25741
3781,4023,9.29068
3782,3609,6.84987
3782,3614,7.72039
3782,3711,1.24863
3782,3823,2.52321
3782,3910,0.58221
3783,3627,2.95023
3783,3762,4.77587
3783,3766,4.35463
3783,3854,2.5842
3783,3874,4.34317
3783,4076,0.903676
3784,3589,2.77702
3784,3648,5.48458
3784,3715,6.06705
3784,3895,0.505184
3784,4032,7.04772
3784,4147,2.45421
3784,4148,1.74966
3786,3590,4.61511
3786,3610,1.04393
3786,3612,4.99176
3786,3698,4.6171
3786,3787,4.3054
3787,3590,3.71047
3787,3698,2.15037
3787,3710,8.37163
3787,3777,2.39127
3787,3786,4.3054
3787,4015,3.45695
3789,3781,4.66189
3789,3808,4.0027
3789,3873,1.72283
3791,3616,5.13061
3791,3617,1.75583
3791,3727,3.05653
3791,3793,3.48641
3791,3839,7.44243
3791,3983,3.90657
3791,4031,2.97243
3793,3617,3.12271
3793,3791,3.48641
3793,3795,5.08031
3793,3842,0.680161
3793,3843,2.8197
3793,3983,5.03098
3794,3671,6.00818
3794,3674,4.98818
3794,4141,1.43803
3794,4142,3.14751
3794,4153,8.01726
3794,4155,2.14429
3795,3617,2.11497
3795,3681,2.86835
3795,3734,2.03961
3795,3793,5.08031
3795,3797,5.7772
3795,3843,3.09658
3797,3734,1.24315
3797,3737,5.9758
3797,3795,5.7772
3797,3799,3.65611
3797,3843,1.91454
3797,3844,4.41322
3797,3846,2.9313
3799,3737,3.32273
3799,3740,4.67435
3799,3797,3.65611
3799,3802,3.22385
3799,3846,3.02443
3800,3636,4.99047
3800,3674,7.23782
3800,3676,2.92003
3800,3849,3.87372
3800,3937,3.26994
3800,4153,3.58835
3800,4154,2.37579
3801,3740,3.27924
3801,3742,3.71128
3801,3802,5.42177
3801,3803,2.01373
3801,3850,1.73401
3801,3852,5.90188
3802,3740,1.94347
3802,3799,3.22385
3802,3801,5.42177
3802,3846,3.20314
3802,3850,3.01869
3803,3582,3.65471
3803,3733,4.75143
3803,3742,4.48647
3803,3801,2.01373
3803,3805,2.13431
3803,3852,1.86934
3804,3639,8.51946
3804,3649,4.66
3804,3809,1.45263
3804,3814,1.0236
3804,3863,7.32664
3804,3877,1.98843
3805,3582,6.96513
3805,3733,3.35761
3805,3746,3.68251
3805,3803,2.13431
3805,3806,3.91046
3805,3855,2.2795
3805,3857,3.08997
3806,3637,4.31487
3806,3746,5.51558
3806,3805,3.91046
3806,3857,2.89074
3806,4111,0.918408
3808,3781,3.7533
3808,3789,4.0027
3808,3873,7.04272
3808,3874,2.50111
3809,3639,5.1484
3809,3804,1.45263
3809,3816,3.19774
3809,3877,4.67822
3809,4094,3.6228
3810,3590,5.0258
3810,3612,3.55918
3810,3643,2.18636
3810,3713,2.13494
3810,4139,4.58328
3810,4140,2.34485
3811,3585,4.65113
3811,3812,7.65908
3811,3815,4.22739
3811,3936,3.32387
3811,4059,2.9657
3812,3614,5.28028
3812,3679,5.64296
3812,3728,0.803841
3812,3811,7.65908
3812,3815,0.391292
3812,3896,3.9401
3812,3910,3.6965
3812,3936,1.21057
3813,3665,2.35684
3813,3886,6.02333
3813,3887,3.85148
3813,3925,4.09227
3813,3929,3.47819
3813,3982,1.00241
3814,3649,7.15764
3814,3804,1.0236
3814,3914,2.54974
3814,3919,2.7783
3814,4090,3.36128
3815,3679,4.99217
3815,3811,4.22739
3815,3812,0.391292
3815,3821,1.71223
3815,4057,4.17224
3815,4058,0.879192
3815,4059,3.01054
3816,3809,3.19774
3816,3830,3.92604
3816,3877,2.88164
3816,3891,3.25781
3816,4094,2.73155
3816,4098,6.33802
3817,3736,7.31099
3817,3819,3.01044
3817,3892,0.333073
3817,4042,3.86933
3817,4121,3.62862
3818,3718,4.79862
3818,3819,2.60251
3818,3947,5.40225
3818,3954,2.83108
3818,4121,4.21969
3818,4122,1.356
3819,3817,3.01044
3819,3818,2.60251
3819,3954,4.06325
3819,4041,2.03954
3819,4042,3.43335
3819,4121,1.01686
3819,4131,3.81233
3820,3624,2.10052
3820,3719,4.54984
3820,3739,0.661175
3820,4093,5.31934
3820,4140,3.89007
3820,4151,3.27097
3820,4155,1.7629
3821,3644,5.47151
3821,3679,2.53676
3821,3683,5.16808
3821,3815,1.71223
3821,4056,8.75837
3821,4057,3.3213
3822,3629,3.83042
3822,3656,6.48449
3822,3765,6.22356
3822,3826,3.50141
3822,3872,1.21893
3822,4026,3.15265
3823,3609,6.38654
3823,3695,5.43034
3823,3782,2.52321
3823,3862,6.4389
3826,3629,4.63785
3826,3656,6.78774
3826,3659,8.96025
3826,3770,7.76521
3826,3822,3.50141
3826,3944,0
3827,3581,6.09574
3827,3645,0.79939
3827,3771,3.20697
3827,3773,4.04472
3827,3774,2.60911
3828,3623,6.0347
3828,3882,4.7818
3828,3923,4.87919
3828,3981,5.8983
3829,3632,7.24596
3829,3883,3.445
3829,3890,6.75288
3829,4123,6.58733
3829,4125,1.61586
3830,3672,3.55449
3830,3816,3.92604
3830,3836,1.39173
3830,3891,6.05351
3830,4020,4.91594
3830,4098,1.58954
3830,4099,9.69622
3831,3569,6.22238
3831,3835,5.00214
3831,3882,3.75463
3831,3923,6.77433
3831,3990,2.65601
3832,3589,1.46701
3832,3634,4.59098
3832,3833,2.9505
3832,3893,1.72664
3832,4123,3.09736
3832,4124,3.28264
3833,3661,4.3166
3833,3662,5.32361
3833,3832,2.9505
3833,3893,5.96166
3833,4123,4.11459
3834,3664,3.76733
3834,3666,3.8245
3834,3748,7.41963
3834,3889,2.89269
3834,4018,0.3058
3834,4147,3.23489
3835,3569,5.12174
3835,3691,10.389
3835,3831,5.00214
3835,3837,6.37718
3835,3882,8.48462
3836,3672,4.51093
3836,3830,1.39173
3836,4099,2.30847
3836,4100,2.09475
3836,4103,3.86497
3836,4127,2.52263
3836,4128,0.899456
3837,3691,5.88357
3837,3835,6.37718
3837,3841,6.57354
3838,3739,4.03309
3838,3747,6.97708
3838,3849,4.89847
3838,3869,0.768591
3838,4093,1.15758
3838,4151,4.68871
3838,4154,2.01556
3839,3791,7.44243
3839,3842,2.30777
3839,3901,8.19309
3839,3959,7.24484
3839,3983,3.57755
3839,4031,2.90004
3841,3690,4.00091
3841,3691,2.55201
3841,3699,5.43128
3841,3837,6.57354
3841,3940,2.80003
3842,3793,0.680161
3842,3839,2.30777
3842,3843,3.52236
3842,3901,2.71065
3842,3903,3.03288
3842,3904,3.8658
3842,3983,3.26926
3843,3793,2.8197
3843,3795,3.09658
3843,3797,1.91454
3843,3842,3.52236
3843,3844,4.32428
3843,3903,1.97181
3844,3797,4.41322
3844,3843,4.32428
3844,3846,2.43544
3844,3903,3.10943
3844,4143,4.19199
3845,3695,5.87101
3845,3888,1.64044
3845,3896,2.17679
3845,3951,4.48018
3845,4113,4.74537
3846,3797,2.9313
3846,3799,3.02443
3846,3802,3.20314
3846,3844,2.43544
3846,3850,5.24762
3846,3911,3.13685
3846,4143,5.9315
3847,3693,3.30686
3847,3862,4.0687
3847,4068,5.45275
3847,4069,2.64643
3848,3631,1.00451
3848,3715,3.85083
3848,3759,3.66766
3848,3858,1.18145
3848,3868,2.71809
3848,4136,3.88284
3849,3636,1.31085
3849,3800,3.87372
3849,3838,4.89847
3849,3869,4.4611
3849,4154,4.99436
3850,3801,1.73401
3850,3802,3.01869
3850,3846,5.24762
3850,3852,3.1579
3850,3911,2.86986
3850,3915,4.17239
3851,3854,5.10466
3851,3864,4.60482
3851,3952,4.56051
3851,3970,3.32689
3851,4071,2.99911
3851,4073,0
3852,3582,4.67594
3852,3801,5.90188
3852,3803,1.86934
3852,3850,3.1579
3852,3915,2.48727
3852,4039,6.09333
3853,3931,7.9934
3853,4103,2.81127
3853,4108,4.16468
3853,4109,1.9837
3853,4127,6.55874
3854,3762,3.07283
3854,3783,2.5842
3854,3851,5.10466
3854,3873,2.08152
3854,3874,2.44092
3854,3952,1.67948
3854,4071,0
3854,4073,3.20128
3855,3582,2.7679
3855,3805,2.2795
3855,3857,3.46245
3855,3922,2.25363
3855,4036,2.6185
3855,4037,2.97678
3855,4039,1.6442
3857,3637,3.05132
3857,3805,3.08997
3857,3806,2.89074
3857,3855,3.46245
3857,3859,2.87969
3857,3922,5.70694
3858,3759,3.9494
3858,3776,3.46587
3858,3848,1.18145
3858,3867,4.30971
3858,3868,4.88242
3858,4119,0.320258
3859,3637,5.73161
3859,3638,6.22663
3859,3857,2.87969
3859,3922,1.60756
3859,4034,6.1823
3859,4035,3.7389
3859,4111,1.0725
3862,3693,5.385
3862,3695,2.91461
3862,3823,6.4389
3862,3847,4.0687
3863,3598,5.04819
3863,3649,3.46458
3863,3653,6.15155
3863,3671,1.27868
3863,3804,7.32664
3863,3877,2.42469
3864,3613,4.19698
3864,3851,4.60482
3864,3952,6.66644
3864,3970,2.797
3864,3971,4.41648
3864,3972,3.1403
3867,3592,4.09242
3867,3594,4.23335
3867,3768,0.679777
3867,3858,4.30971
3867,3868,2.53469
3867,4119,5.60657
3868,3594,2.00192
3868,3715,3.79359
3868,3723,2.91496
3868,3848,2.71809
3868,3858,4.88242
3868,3867,2.53469
3868,4032,2.97921
3869,3591,5.08345
3869,3636,7.14619
3869,3657,4.31171
3869,3747,1.95368
3869,3838,0.768591
3869,3849,4.4611
3869,4043,3.18657
3870,3626,1.89702
3870,3902,3.47754
3870,3907,3.25681
3870,3916,3.27467
3870,3955,4.50886
3870,4045,4.33623
3871,3597,5.2021
3871,3875,2.94579
3871,3917,1.47318
3871,3918,4.97517
3871,3943,3.24093
3871,4043,2.34885
3871,4044,2.15178
3872,3606,0.569864
3872,3656,4.61166
3872,3765,7.03103
3872,3822,1.21893
3872,3942,6.68906
3873,3789,1.72283
3873,3808,7.04272
3873,3854,2.08152
3873,3874,5.28025
3873,3952,11.0628
3874,3766,2.93755
3874,3781,4.25741
3874,3783,4.34317
3874,3808,2.50111
3874,3854,2.44092
3874,3873,5.28025
3875,3657,2.67268
3875,3871,2.94579
3875,3880,4.3186
3875,3943,5.51594
3875,4043,3.81385
3876,3879,6.10128
3876,3881,4.02231
3876,4078,3.56093
3876,4079,1.81581
3876,4081,9.71666
3877,3653,2.78664
3877,3660,2.70895
3877,3804,1.98843
3877,3809,4.67822
3877,3816,2.88164
3877,3863,2.42469
3877,3891,3.17607
3878,3581,4.23492
3878,3645,4.49229
3878,3659,4.98128
3878,3946,3.80659
3878,3953,4.98722
3879,3876,6.10128
3879,3881,2.71248
3879,3906,4.85485
3879,4081,0.979044
3879,4138,3.96064
3880,3593,4.63711
3880,3657,1.41074
3880,3756,4.95984
3880,3875,4.3186
3880,3943,3.69691
3880,3948,2.33283
3881,3568,4.73637
3881,3758,3.20106
3881,3876,4.02231
3881,3879,2.71248
3881,3884,3.03406
3881,4078,3.94163
3881,4138,2.08009
3882,3623,6.91845
3882,3828,4.7818
3882,3831,3.75463
3882,3835,8.48462
3882,3923,1.17016
3883,3586,3.37162
3883,3632,2.13971
3883,3645,5.87822
3883,3829,3.445
3883,3890,4.81242
3883,3953,4.33652
3884,3568,2.45782
3884,3758,5.96886
3884,3881,3.03406
3884,4076,2.73704
3884,4077,6.11486
3885,3673,7.00193
3885,3685,9.59172
3885,3922,5.44428
3885,4034,2.26854
3885,4036,5.84586
3886,3593,4.17132
3886,3665,1.65596
3886,3813,6.02333
3886,3892,3.38281
3886,3982,4.34229
3887,3665,2.05955
3887,3686,2.0187
3887,3714,2.81605
3887,3813,3.85148
3887,3897,4.78216
3887,3929,4.00851
3888,3609,1.88659
3888,3695,4.8729
3888,3845,1.64044
3888,3896,4.34673
3888,3910,3.90379
3889,3591,3.45677
3889,3666,2.66657
3889,3748,3.4556
3889,3834,2.89269
3889,3899,3.76534
3889,3918,6.02709
3890,3586,2.53275
3890,3610,4.77751
3890,3661,4.96872
3890,3701,4.18838
3890,3829,6.75288
3890,3883,4.81242
3890,4123,0.979517
3891,3660,8.44198
3891,3676,2.61759
3891,3816,3.25781
3891,3830,6.05351
3891,3877,3.17607
3891,4020,3.06404
3892,3593,2.78194
3892,3665,5.4796
3892,3736,2.72463
3892,3817,0.333073
3892,3886,3.38281
3892,4042,4.18006
3893,3589,4.906
3893,3624,2.34631
3893,3648,3.24954
3893,3662,0.594241
3893,3832,1.72664
3893,3833,5.96166
3893,3895,2.77374
3894,3663,4.10554
3894,3768,3.77539
3894,3769,1.16673
3894,4070,2.07886
3894,4074,3.81145
3894,4119,1.54666
3894,4120,2.99177
3895,3624,5.2484
3895,3648,6.35808
3895,3664,5.86476
3895,3784,0.505184
3895,3893,2.77374
3895,4018,0.636466
3895,4147,3.21487
3896,3812,3.9401
3896,3845,2.17679
3896,3888,4.34673
3896,3910,4.32081
3896,3936,8.06971
3896,3951,1.70413
3897,3596,3.07559
3897,3665,4.68935
3897,3714,1.57589
3897,3724,3.31806
3897,3887,4.78216
3898,3618,6.39097
3898,3626,1.63968
3898,3630,4.62458
3898,3663,3.53053
3898,3902,4.27464
3898,4007,2.30474
3899,3666,3.64887
3899,3889,3.76534
3899,3901,3.38259
3899,3917,5.31353
3899,3959,4.33113
3900,3775,6.98532
3900,3909,7.327
3900,3975,5.06013
3901,3597,2.88964
3901,3839,8.19309
3901,3842,2.71065
3901,3899,3.38259
3901,3904,3.79067
3901,3917,4.2323
3901,3959,0.347369
3902,3626,5.0008
3902,3779,6.40306
3902,3870,3.47754
3902,3898,4.27464
3902,3907,2.86945
3902,4007,1.83186
3903,3842,3.03288
3903,3843,1.97181
3903,3844,3.10943
3903,3904,5.61019
3903,3924,3.4855
3903,3925,2.30122
3903,3945,3.05902
3903,4143,2.99409
3904,3597,4.78977
3904,3842,3.8658
3904,3901,3.79067
3904,3903,5.61019
3904,3945,0.725496
3906,3655,3.48954
3906,3879,4.85485
3906,3961,5.83987
3906,3962,5.43781
3906,4081,6.9864
3906,4138,1.63117
3907,3574,0
3907,3778,2.05512
3907,3779,1.67431
3907,3870,3.25681
3907,3902,2.86945
3907,3916,3.97537
3907,4000,4.37352
3909,3635,2.7787
3909,3775,0.380736
3909,3777,4.96326
3909,3900,7.327
3909,3914,2.37729
3909,4015,2.12188
3909,4090,6.63189
3910,3609,6.02177
3910,3614,6.22983
3910,3782,0.58221
3910,3812,3.6965
3910,3888,3.90379
3910,3896,4.32081
3911,3686,1.55309
3911,3846,3.13685
3911,3850,2.86986
3911,3915,4.34844
3911,4143,0.66435
3911,4144,3.07938
3912,3725,1.91504
3912,3752,4.95654
3912,3934,7.15637
3913,3576,3.87072
3913,3694,4.4622
3913,3710,4.32189
3913,3772,3.42334
3913,4087,1.80108
3914,3635,4.61527
3914,3814,2.54974
3914,3909,2.37729
3914,3919,5.65631
3914,4090,4.55623
3915,3650,3.94482
3915,3686,3.17914
3915,3850,4.17239
3915,3852,2.48727
3915,3911,4.34844
3915,4038,0.89017
3915,4039,1.8103
3915,4040,3.27464
3916,3574,5.0685
3916,3870,3.27467
3916,3907,3.97537
3916,4000,0
3916,4045,0.982489
3916,4046,3.28001
3916,4047,1.8117
3916,4048,1.40277
3917,3597,3.85006
3917,3871,1.47318
3917,3899,5.31353
3917,3901,4.2323
3917,3918,5.7103
3918,3591,1.6873
3918,3871,4.97517
3918,3889,6.02709
3918,3917,5.7103
3918,4044,4.36752
3919,3598,3.12264
3919,3635,2.05436
3919,3649,3.60955
3919,3671,1.7455
3919,3814,2.7783
3919,3914,5.65631
3919,4142,3.49834
3922,3855,2.25363
3922,3857,5.70694
3922,3859,1.60756
3922,3885,5.44428
3922,4034,3.78862
3922,4036,3.93861
3923,3567,4.84097
3923,3668,3.40616
3923,3828,4.87919
3923,3831,6.77433
3923,3882,1.17016
3923,3981,1.68076
3923,3990,2.22116
3924,3903,3.4855
3924,3925,3.70144
3924,3929,4.12338
3924,4143,5.33563
3925,3813,4.09227
3925,3903,2.30122
3925,3924,3.70144
3925,3929,2.58682
3925,3945,7.25364
3925,3982,1.70592
3927,3651,3.19179
3927,3718,6.68363
3927,4021,4.19368
3927,4133,4.80675
3929,3686,2.78017
3929,3813,3.47819
3929,3887,4.00851
3929,3924,4.12338
3929,3925,2.58682
3929,4143,1.11328
3929,4144,3.61471
3931,3853,7.9934
3931,4103,3.90638
3931,4109,1.05372
3934,3646,3.63837
3934,3725,4.10108
3934,3912,7.15637
3934,4055,8.62152
3936,3585,1.23877
3936,3811,3.32387
3936,3812,1.21057
3936,3896,8.06971
3936,3951,2.85356
3936,4065,0.567415
3936,4066,5.68658
3937,3636,5.46408
3937,3640,4.61569
3937,3676,6.89764
3937,3800,3.26994
3940,3642,3.29536
3940,3690,4.4141
3940,3699,5.94734
3940,3757,5.64086
3940,3841,2.80003
3941,3584,4.04726
3941,3677,4.28776
3941,3678,5.4861
3941,3947,0.409204
3941,4122,4.98859
3942,3570,1.47093
3942,3606,9.64954
3942,3656,6.5953
3942,3872,6.68906
3942,3944,2.57611
3943,3593,1.09221
3943,3597,1.42476
3943,3871,3.24093
3943,3875,5.51594
3943,3880,3.69691
3943,3945,5.8354
3943,3982,2.92904
3944,3570,9.4939
3944,3625,4.46032
3944,3656,7.28275
3944,3659,6.13494
3944,3826,0
3944,3942,2.57611
3944,3946,3.72435
3944,4089,4.18424
3945,3597,7.22239
3945,3903,3.05902
3945,3904,0.725496
3945,3925,7.25364
3945,3943,5.8354
3945,3982,3.65181
3946,3659,5.40536
3946,3878,3.80659
3946,3944,3.72435
3946,3953,2.91811
3946,4086,0.782728
3946,4087,4.17914
3946,4088,4.33865
3946,4089,3.62292
3947,3677,3.92432
3947,3718,0.698274
3947,3818,5.40225
3947,3941,0.409204
3947,4021,4.27165
3947,4122,4.00157
3948,3657,3.31691
3948,3680,3.95899
3948,3756,1.67073
3948,3880,2.33283
3948,4019,2.67742
3949,3616,1.92057
3949,3617,3.89186
3949,3626,2.97142
3949,3681,2.69727
3949,3745,4.1337
3949,3955,2.18968
3950,3603,5.35172
3950,3622,3.03033
3950,3721,0.652111
3950,3725,4.81589
3950,3746,3.81461
3950,3749,0.841014
3950,3750,3.29951
3951,3845,4.48018
3951,3896,1.70413
3951,3936,2.85356
3951,4065,6.60139
3951,4113,1.39694
3952,3851,4.56051
3952,3854,1.67948
3952,3864,6.66644
3952,3873,11.0628
3953,3586,0.601899
3953,3645,2.0132
3953,3878,4.98722
3953,3883,4.33652
3953,3946,2.91811
3953,4086,5.01076
3954,3718,3.62048
3954,3818,2.83108
3954,3819,4.06325
3954,4131,1.0553
3954,4132,3.02138
3955,3626,2.48444
3955,3681,3.16328
3955,3734,1.13786
3955,3870,4.50886
3955,3949,2.18968
3955,4045,2.93222
3956,3705,5.90828
3956,3708,3.45502
3956,3972,4.30904
3956,4067,3.82763
3956,4116,7.20585
3958,3675,4.98639
3958,3685,8.46728
3958,3757,11.0822
3958,4034,2.55689
3959,3666,5.61734
3959,3839,7.24484
3959,3899,4.33113
3959,3901,0.347369
3959,4031,3.62177
3961,3620,1.42958
3961,3655,1.33544
3961,3700,4.61271
3961,3735,3.49766
3961,3906,5.83987
3961,3962,1.58285
3962,3620,5.58218
3962,3760,2.52307
3962,3906,5.43781
3962,3961,1.58285
3962,4137,2.62489
3962,4138,1.98702
3970,3613,4.70338
3970,3851,3.32689
3970,3864,2.797
3970,4070,2.3525
3970,4071,4.52919
3971,3613,1.62592
3971,3705,3.20758
3971,3864,4.41648
3971,3972,6.18123
3972,3705,1.70029
3972,3864,3.1403
3972,3956,4.30904
3972,3971,6.18123
3972,4067,4.34491
3975,3628,7.64039
3975,3694,9.63247
3975,3775,4.7779
3975,3900,5.06013
3981,3567,6.74214
3981,3623,2.81011
3981,3828,5.8983
3981,3923,1.68076
3981,4041,2.71198
3981,4131,6.0402
3982,3593,2.27501
3982,3813,1.00241
3982,3886,4.34229
3982,3925,1.70592
3982,3943,2.92904
3982,3945,3.65181
3983,3791,3.90657
3983,3793,5.03098
3983,3839,3.57755
3983,3842,3.26926
3987,3654,2.18643
3987,3673,1.59852
3987,3988,4.47227
3987,4036,3.75702
3987,4037,2.50418
3987,4040,3.44887
3988,3654,2.77208
3988,3668,1.01067
3988,3673,4.9165
3988,3987,4.47227
3988,3989,2.61954
3989,3569,1.8701
3989,3668,3.42422
3989,3673,5.24097
3989,3988,2.61954
3989,3990,3.58839
3990,3569,3.48998
3990,3668,2.61701
3990,3831,2.65601
3990,3923,2.22116
3990,3989,3.58839
4000,3574,3.15526
4000,3615,0.986454
4000,3778,4.29864
4000,3907,4.37352
4000,3916,0
4000,4063,3.37136
4007,3630,4.75251
4007,3708,4.15482
4007,3779,3.74157
4007,3898,2.30474
4007,3902,1.83186
4014,3576,5.18274
4014,3625,7.46563
4014,4087,2.00137
4014,4088,3.64266
4014,4089,1.94143
4015,3590,2.31702
4015,3635,5.95947
4015,3643,4.40487
4015,3777,5.02351
4015,3787,3.45695
4015,3909,2.12188
4018,3624,5.94003
4018,3664,3.62388
4018,3739,4.91899
4018,3748,3.82863
4018,3834,0.3058
4018,3895,0.636466
4019,3584,6.69145
4019,3640,3.45547
4019,3678,1.57676
4019,3680,3.03315
4019,3756,1.73255
4019,3948,2.67742
4020,3672,4.90438
4020,3676,3.58607
4020,3830,4.91594
4020,3891,3.06404
4021,3651,4.0471
4021,3677,3.8723
4021,3718,1.10466
4021,3927,4.19368
4021,3947,4.27165
4021,4107,1.68159
4021,4108,6.91323
4023,3780,7.80648
4023,3781,9.29068
4024,3578,2.86539
4024,3697,2.2942
4024,3706,7.01818
4024,3735,2.30971
4024,3773,5.7071
4024,4130,2.38566
4026,3629,8.501
4026,3765,3.35715
4026,3822,3.15265
4031,3666,1.444
4031,3723,5.85514
4031,3727,4.22837
4031,3791,2.97243
4031,3839,2.90004
4031,3959,3.62177
4031,4032,3.74156
4031,4148,5.28651
4032,3715,1.2839
4032,3723,3.39697
4032,3784,7.04772
4032,3868,2.97921
4032,4031,3.74156
4032,4148,3.78077
4033,3642,1.672
4033,3757,5.00994
4033,4034,8.74347
4033,4035,4.19842
4034,3685,4.73525
4034,3757,0.800486
4034,3859,6.1823
4034,3885,2.26854
4034,3922,3.78862
4034,3958,2.55689
4034,4033,8.74347
4034,4035,0.697788
4035,3638,1.31945
4035,3859,3.7389
4035,4033,4.19842
4035,4034,0.697788
4036,3673,0.816555
4036,3855,2.6185
4036,3885,5.84586
4036,3922,3.93861
4036,3987,3.75702
4036,4037,5.80652
4037,3855,2.97678
4037,3987,2.50418
4037,4036,5.80652
4037,4038,5.13541
4037,4039,0.613542
4037,4040,2.45816
4038,3915,0.89017
4038,4037,5.13541
4038,4039,6.74293
4038,4040,2.94269
4039,3582,3.30884
4039,3852,6.09333
4039,3855,1.6442
4039,3915,1.8103
4039,4037,0.613542
4039,4038,6.74293
4040,3650,4.29194
4040,3654,1.61289
4040,3915,3.27464
4040,3987,3.44887
4040,4037,2.45816
4040,4038,2.94269
4041,3567,3.26652
4041,3596,1.75623
4041,3665,2.25638
4041,3819,2.03954
4041,3981,2.71198
4041,4042,4.85842
4041,4131,1.62915
4042,3665,1.72694
4042,3817,3.86933
4042,3819,3.43335
4042,3892,4.18006
4042,4041,4.85842
4043,3591,2.90673
4043,3657,5.81902
4043,3869,3.18657
4043,3871,2.34885
4043,3875,3.81385
4043,4044,5.21955
4044,3591,3.01718
4044,3871,2.15178
4044,3918,4.36752
4044,4043,5.21955
4045,3611,6.27829
4045,3734,5.07315
4045,3737,1.96669
4045,3870,4.33623
4045,3916,0.982489
4045,3955,2.93222
4045,4046,4.67102
4046,3611,1.90843
4046,3731,0.700657
4046,3916,3.28001
4046,4045,4.67102
4046,4047,4.32103
4047,3731,5.19221
4047,3916,1.8117
4047,4046,4.32103
4047,4048,5.84416
4048,3574,2.25888
4048,3731,3.41641
4048,3916,1.40277
4048,4047,5.84416
4048,4049,6.35939
4048,4050,2.52811
4049,3574,1.61783
4049,4048,6.35939
4049,4050,2.16748
4049,4061,7.44977
4049,4062,1.63088
4050,3731,1.49344
4050,4048,2.52811
4050,4049,2.16748
4050,4051,5.25105
4050,4052,2.29117
4050,4060,5.25301
4051,3721,2.33145
4051,3731,1.63633
4051,3732,4.93684
4051,4050,5.25105
4051,4052,3.50067
4052,3622,0.655938
4052,3721,2.1009
4052,3750,3.35599
4052,4050,2.29117
4052,4051,3.50067
4052,4053,3.45765
4052,4058,4.92569
4052,4060,1.35532
4053,3622,3.01106
4053,4052,3.45765
4053,4054,3.26921
4053,4056,3.64761
4053,4057,4.38437
4053,4058,2.00141
4054,3622,4.46124
4054,4053,3.26921
4054,4055,3.01304
4054,4056,2.729
4055,3622,1.19457
4055,3646,2.29838
4055,3725,1.86098
4055,3934,8.62152
4055,4054,3.01304
4055,4056,6.36692
4056,3644,0.771515
4056,3646,4.03982
4056,3821,8.75837
4056,4053,3.64761
4056,4054,2.729
4056,4055,6.36692
4056,4057,0.866006
4057,3815,4.17224
4057,3821,3.3213
4057,4053,4.38437
4057,4056,0.866006
4057,4058,2.89862
4058,3815,0.879192
4058,4052,4.92569
4058,4053,2.00141
4058,4057,2.89862
4058,4059,3.97409
4058,4060,1.97987
4059,3585,2.57057
4059,3811,2.9657
4059,3815,3.01054
4059,4058,3.97409
4059,4060,3.20047
4060,3585,2.93229
4060,4050,5.25301
4060,4052,1.35532
4060,4058,1.97987
4060,4059,3.20047
4060,4061,2.40109
4061,3585,2.81533
4061,4049,7.44977
4061,4060,2.40109
4061,4062,3.07285
4061,4065,1.97388
4061,4066,4.40315
4062,3574,5.70705
4062,4049,1.63088
4062,4061,3.07285
4062,4063,1.67218
4062,4065,4.03171
4063,3574,2.63343
4063,3615,2.40665
4063,4000,3.37136
4063,4062,1.67218
4063,4064,3.4154
4063,4065,1.26912
4064,3615,3.26946
4064,4063,3.4154
4064,4065,6.34747
4064,4113,1.33766
4064,4116,0.891367
4065,3936,0.567415
4065,3951,6.60139
4065,4061,1.97388
4065,4062,4.03171
4065,4063,1.26912
4065,4064,6.34747
4065,4066,3.02443
4065,4113,4.56102
4066,3585,3.07676
4066,3936,5.68658
4066,4061,4.40315
4066,4065,3.02443
4067,3956,3.82763
4067,3972,4.34491
4067,4068,9.14524
4067,4116,2.97825
4068,3847,5.45275
4068,4067,9.14524
4068,4069,3.49897
4068,4116,1.28141
4069,3693,3.64185
4069,3847,2.64643
4069,4068,3.49897
4069,4113,2.71303
4069,4116,1.72139
4070,3613,0.645971
4070,3630,4.60204
4070,3663,3.52585
4070,3894,2.07886
4070,3970,2.3525
4070,4071,2.435
4070,4072,2.45742
4070,4074,3.23967
4071,3851,2.99911
4071,3854,0
4071,3970,4.52919
4071,4070,2.435
4071,4072,1.2414
4071,4073,3.74308
4072,4070,2.45742
4072,4071,1.2414
4072,4073,5.84109
4072,4074,5.03723
4072,4075,2.27981
4072,4076,1.46422
4073,3762,5.01347
4073,3851,0
4073,3854,3.20128
4073,4071,3.74308
4073,4072,5.84109
4073,4076,2.19115
4074,3894,3.81145
4074,4070,3.23967
4074,4072,5.03723
4074,4075,1.10135
4074,4120,2.55777
4075,3776,3.53773
4075,4072,2.27981
4075,4074,1.10135
4075,4076,3.39242
4075,4077,2.5205
4075,4120,4.48592
4076,3627,2.68595
4076,3758,3.03588
4076,3762,4.45095
4076,3783,0.903676
4076,3884,2.73704
4076,4072,1.46422
4076,4073,2.19115
4076,4075,3.39242
4076,4077,2.44739
4077,3568,2.13549
4077,3776,4.74131
4077,3884,6.11486
