label, neighbor, wall area
2,100,8.68617
2,133,6.40069
2,134,6.33888
2,175,2.27293
2,655,1.11711
2,656,2.90629
3,33,9.72808
3,140,4.35245
3,407,6.23791
3,413,2.8632
3,495,4.89322
3,496,4.98357
4,239,4.67723
4,284,5.41355
4,396,1.24544
4,411,3.10663
4,427,6.18089
4,460,5.78708
5,7,6.02163
5,39,4.96885
5,218,2.70966
5,240,3.40929
5,243,3.37529
5,255,3.93904
6,25,3.10245
6,35,6.28548
6,60,2.74997
6,182,5.66784
6,431,1.96332
7,5,6.02163
7,83,5.41488
7,218,3.40297
7,255,3.38075
7,390,4.09193
7,393,2.85653
8,25,1.80958
8,51,1.89038
8,182,4.58539
8,453,2.66103
8,461,1.93197
8,470,6.47473
9,62,1.739
9,272,2.75536
9,278,3.05401
9,294,4.98655
9,297,5.88143
9,399,4.55077
10,12,4.99473
10,404,4.44345
10,434,8.02
10,437,2.38382
11,28,3.43127
11,52,5.30478
11,53,5.43848
11,190,1.01582
11,434,2.87245
11,648,3.90788
12,10,4.99473
12,17,1.66667
12,28,6.4952
12,404,3.23007
12,434,6.89948
12,533,6.38031
14,348,4.00128
14,353,3.78936
14,377,1.4635
14,498,4.42026
14,559,4.68039
14,560,0.436404
15,16,3.16627
15,45,5.03543
15,109,0.902752
15,276,4.11588
15,653,3.4434
16,15,3.16627
16,23,3.85883
16,45,0.353907
16,72,5.32043
16,109,4.57696
16,302,0.875094
17,12,1.66667
17,26,6.82468
17,28,1.03744
17,455,7.32844
17,533,8.66734
17,534,1.95136
19,92,4.33043
19,186,2.81823
19,230,5.01131
19,242,1.67081
19,250,3.6253
19,631,3.3783
23,16,3.85883
23,72,0.356709
23,302,4.59444
23,391,5.18592
23,397,2.80526
25,6,3.10245
25,8,1.80958
25,26,4.61814
25,182,1.85855
25,431,5.02212
25,470,2.53086
26,17,6.82468
26,25,4.61814
26,422,5.10541
26,431,5.5823
26,455,1.96402
26,470,2.99909
26,534,2.96389
27,71,4.13465
27,108,1.11896
27,125,3.94751
27,136,3.28076
27,163,3.96577
27,505,4.28389
28,11,3.43127
28,12,6.4952
28,17,1.03744
28,52,2.69786
28,434,3.80908
28,455,5.13572
29,196,4.42438
29,199,4.20978
29,217,4.72147
29,432,4.00181
29,527,1.42914
30,32,4.19108
30,98,3.34964
30,118,3.28828
30,132,5.72562
30,169,3.89721
31,34,2.45925
31,292,7.92981
31,303,4.58428
31,316,3.49303
31,492,4.3128
32,30,4.19108
32,78,6.11489
32,98,2.12139
32,169,3.0906
32,364,3.7772
32,642,2.00139
33,3,9.72808
33,140,1.35601
33,289,7.52955
33,305,3.10039
33,495,1.84129
34,31,2.45925
34,292,2.59347
34,312,3.1186
34,316,5.53952
34,320,1.87607
34,398,4.20569
35,6,6.28548
35,43,11.5506
35,60,2.72286
35,431,8.6154
36,40,5.09308
36,115,2.4049
36,357,2.8046
36,375,3.18577
36,481,8.55759
38,70,3.12381
38,75,5.50492
38,113,2.71427
38,277,0
38,420,0.995646
38,525,7.12911
39,5,4.96885
39,217,1.20878
39,218,3.58121
39,240,3.68835
39,479,2.52986
40,36,5.09308
40,115,7.00004
40,346,5.68816
40,357,2.92648
40,384,2.9415
41,184,3.40641
41,293,1.54206
41,312,3.69281
41,325,3.46682
41,398,2.94524
41,429,5.54885
42,63,4.89917
42,82,3.93909
42,90,4.31156
42,98,0.816674
42,421,1.97988
42,508,2.48585
43,35,11.5506
43,60,2.30062
43,535,5.63068
43,536,4.93401
45,15,5.03543
45,16,0.353907
45,53,2.66135
45,72,2.67787
45,190,4.2745
45,463,0.35754
45,653,1.2398
45,654,2.13502
46,109,0.916355
46,117,3.80383
46,126,4.56071
46,127,1.97065
46,302,5.35698
46,507,1.80116
47,238,2.92502
47,252,4.85793
47,253,3.2967
47,309,5.8312
47,541,5.42823
47,542,2.61341
48,121,1.11398
48,184,4.53707
48,191,7.10484
48,285,2.87907
48,334,0
48,429,3.96625
48,483,3.77979
49,142,4.18507
49,244,4.91623
49,331,4.2019
49,401,3.94357
49,616,5.50251
49,617,1.58234
50,200,5.31178
50,390,1.1607
50,392,4.81896
50,393,4.63798
50,435,5.77504
51,8,1.89038
51,52,4.89542
51,455,2.03272
51,461,3.80823
51,463,4.20807
51,470,2.81268
52,11,5.30478
52,28,2.69786
52,51,4.89542
52,190,4.49329
52,455,2.48851
52,463,1.07852
53,11,5.43848
53,45,2.66135
53,72,4.78305
53,190,2.76202
53,192,3.3353
53,648,1.86119
54,56,2.56657
54,85,3.27434
54,280,3.74843
54,347,2.64307
54,400,4.94806
54,405,2.65912
55,57,5.49875
55,58,0.477156
55,139,2.18784
55,147,2.05767
55,204,4.99641
55,531,7.63407
55,537,1.55924
55,538,1.61285
56,54,2.56657
56,274,3.56729
56,400,2.83927
56,405,2.75872
56,416,5.32637
56,459,2.76328
57,55,5.49875
57,58,8.72602
57,366,2.30137
57,537,4.87732
58,55,0.477156
58,57,8.72602
58,59,6.74827
58,139,2.8753
58,205,4.70209
58,366,2.07625
59,58,6.74827
59,61,4.12629
59,130,2.89545
59,205,4.13613
59,207,4.3112
59,366,2.16998
59,449,4.79154
60,6,2.74997
60,35,2.72286
60,43,2.30062
60,80,5.3316
60,88,3.37441
60,138,7.55558
60,182,2.89747
60,536,0.594766
61,59,4.12629
61,106,3.3347
61,130,3.96454
61,449,3.85784
62,9,1.739
62,74,3.88763
62,294,5.11993
62,297,3.15526
62,308,3.94797
62,344,7.19756
63,42,4.89917
63,82,2.37762
63,224,4.81864
63,421,3.59715
63,478,3.1231
63,643,2.32904
63,644,2.18266
64,68,1.03444
64,106,3.2807
64,107,3.34793
64,116,4.49057
64,122,5.30702
64,123,2.77999
65,75,4.33121
65,82,4.39285
65,86,2.45018
65,113,3.14524
65,420,2.12616
65,478,3.01992
65,642,3.06732
67,220,2.20707
67,439,3.53549
67,441,3.76873
67,448,3.04759
67,467,4.5284
68,64,1.03444
68,116,5.35545
68,123,5.31982
68,125,4.46586
68,136,3.51989
69,101,3.16229
69,150,4.56943
69,228,2.0071
69,485,5.42162
69,624,3.83887
70,38,3.12381
70,91,7.33636
70,299,1.77526
70,420,5.82007
70,525,0.442119
70,639,1.89311
71,27,4.13465
71,109,3.56794
71,126,5.00142
71,163,3.8597
71,505,1.71331
72,16,5.32043
72,23,0.356709
72,45,2.67787
72,53,4.78305
72,192,3.11314
72,391,5.41538
73,212,4.15329
73,391,4.87298
73,397,4.27775
73,421,5.8628
74,62,3.88763
74,297,5.04319
74,304,3.76759
74,344,1.66332
74,598,7.37832
75,38,5.50492
75,65,4.33121
75,113,3.49592
75,420,2.79415
76,115,5.19304
76,330,4.46652
76,375,3.19366
76,462,3.77063
76,557,2.65935
77,79,4.14203
77,129,5.37461
77,445,5.05595
77,537,3.02984
77,538,3.19764
78,32,6.11489
78,119,8.33888
78,137,1.71908
78,169,4.01069
78,642,3.36958
79,77,4.14203
79,105,2.00604
79,129,5.97986
79,138,7.06863
79,445,3.88881
79,536,2.30548
80,60,5.3316
80,88,3.09186
80,97,2.1221
80,99,5.33067
80,182,1.90784
80,310,2.22825
80,453,3.7748
81,111,1.9402
81,133,3.96768
81,173,5.10176
81,299,3.14526
81,513,1.68638
81,638,6.82604
81,639,0.415139
82,42,3.93909
82,63,2.37762
82,65,4.39285
82,90,4.63348
82,478,4.8562
82,642,1.14625
83,7,5.41488
83,87,0.991292
83,164,6.01439
83,255,3.65063
83,261,1.54868
83,393,0.888705
83,418,3.46549
85,54,3.27434
85,231,2.43349
85,304,3.3533
85,347,4.67103
85,400,3.41445
85,573,8.62135
85,598,3.56242
86,65,2.45018
86,113,5.51396
86,478,8.34893
86,643,1.83007
86,644,3.30658
87,83,0.991292
87,164,4.24342
87,248,2.45958
87,418,3.66621
87,430,5.07091
87,503,4.76782
88,60,3.37441
88,80,3.09186
88,105,3.16658
88,138,3.03287
88,310,4.7126
89,97,2.65755
89,99,1.7832
89,107,1.65469
89,108,0.770767
89,236,5.08464
89,506,6.51072
89,653,3.29948
90,42,4.31156
90,82,4.63348
90,98,4.11417
90,364,3.20209
90,642,7.08169
91,70,7.33636
91,100,4.63947
91,111,2.28451
91,299,3.02348
91,525,1.63485
91,655,2.94314
91,657,4.49139
92,19,4.33043
92,202,0.451285
92,230,3.67345
92,520,2.24172
92,522,7.46122
92,592,1.54574
92,631,1.39672
93,146,1.46709
93,323,2.46117
93,324,5.19099
93,384,2.80891
93,385,2.7322
93,387,2.91899
93,529,1.68222
94,124,2.7069
94,241,5.15763
94,249,5.96606
94,264,2.47228
94,341,2.35593
94,628,3.10389
95,375,5.89052
95,383,3.00566
95,462,3.72799
95,471,5.17133
97,80,2.1221
97,89,2.65755
97,99,3.45062
97,106,1.97504
97,107,5.10895
97,310,3.31276
98,30,3.34964
98,32,2.12139
98,42,0.816674
98,90,4.11417
98,110,3.93195
98,118,3.20969
98,364,5.26674
98,508,2.64627
99,80,5.33067
99,89,1.7832
99,97,3.45062
99,236,3.27598
99,453,1.23128
100,2,8.68617
100,91,4.63947
100,111,6.09273
100,133,1.33487
100,655,5.39061
101,69,3.16229
101,150,5.70138
101,228,5.34897
101,235,1.68333
101,284,5.06141
101,411,4.18758
105,79,2.00604
105,88,3.16658
105,106,1.24537
105,129,1.85462
105,138,1.07607
105,310,4.02682
105,366,2.77516
105,449,5.17265
106,61,3.3347
106,64,3.2807
106,97,1.97504
106,105,1.24537
106,107,2.33446
106,122,2.40234
106,130,1.48285
106,310,4.89239
106,449,2.42948
107,64,3.34793
107,89,1.65469
107,97,5.10895
107,106,2.33446
107,116,1.95252
107,506,2.15854
108,27,1.11896
108,89,0.770767
108,116,2.71968
108,125,5.0363
108,276,4.01709
108,505,1.89005
108,506,3.95352
108,653,3.75813
109,15,0.902752
109,16,4.57696
109,46,0.916355
109,71,3.56794
109,126,2.0027
109,276,4.11826
109,302,4.60609
109,505,2.04297
110,98,3.93195
110,118,4.53326
110,397,1.81344
110,507,3.24251
110,508,3.53696
111,81,1.9402
111,91,2.28451
111,100,6.09273
111,133,4.73318
111,299,5.51691
112,256,4.35585
112,531,8.29384
112,538,1.45717
112,539,2.32079
113,38,2.71427
113,65,3.14524
113,75,3.49592
113,86,5.51396
113,277,4.50045
113,525,0
115,36,2.4049
115,40,7.00004
115,76,5.19304
115,330,2.15566
115,375,2.78087
115,384,0.39945
115,385,5.37719
116,64,4.49057
116,68,5.35545
116,107,1.95252
116,108,2.71968
116,125,0.366309
116,506,4.06095
117,46,3.80383
117,118,3.24704
117,127,2.41419
117,131,3.24728
117,507,4.5378
118,30,3.28828
118,98,3.20969
118,110,4.53326
118,117,3.24704
118,131,3.00611
118,132,2.227
118,507,1.34892
119,78,8.33888
119,137,1.55501
119,637,6.76661
119,640,1.31657
119,641,1.11326
119,642,2.37858
120,338,3.83833
120,339,8.28762
120,361,5.04076
120,407,5.75947
120,413,3.05284
120,477,7.16327
121,48,1.11398
121,191,4.26716
121,296,5.73778
121,308,4.11343
121,446,0.768784
121,447,3.42915
121,483,8.87168
122,64,5.30702
122,106,2.40234
122,123,1.75488
122,130,6.12252
122,612,2.68919
122,613,1.83905
123,64,2.77999
123,68,5.31982
123,122,1.75488
123,136,1.266
123,213,3.31588
123,612,5.1759
124,94,2.7069
124,249,3.29574
124,414,2.82144
124,502,6.02136
124,503,1.30748
124,627,2.20611
124,628,3.28272
125,27,3.94751
125,68,4.46586
125,108,5.0363
125,116,0.366309
125,136,3.00419
126,46,4.56071
126,71,5.00142
126,109,2.0027
126,127,2.08649
126,128,4.22656
126,163,1.46984
127,46,1.97065
127,117,2.41419
127,126,2.08649
127,128,5.1581
127,131,3.47329
128,126,4.22656
128,127,5.1581
128,131,3.08622
128,163,2.00033
128,166,0
128,219,2.64677
128,223,2.97388
128,504,4.15949
129,77,5.37461
129,79,5.97986
129,105,1.85462
129,366,7.27388
129,537,4.91552
130,59,2.89545
130,61,3.96454
130,106,1.48285
130,122,6.12252
130,207,3.85979
130,613,4.26827
131,117,3.24728
131,118,3.00611
131,127,3.47329
131,128,3.08622
131,132,2.94672
131,166,4.76722
131,223,0
132,30,5.72562
132,118,2.227
132,131,2.94672
132,166,4.18216
132,169,2.53438
132,651,4.12389
132,652,1.28227
133,2,6.40069
133,81,3.96768
133,100,1.33487
133,111,4.73318
133,173,3.4057
133,174,2.51021
133,175,3.76936
134,2,6.33888
134,175,6.48526
134,234,3.80188
134,287,0.735431
135,145,4.36853
135,154,1.4574
135,290,6.14448
135,291,4.90803
135,305,2.64685
135,306,3.63282
136,27,3.28076
136,68,3.51989
136,123,1.266
136,125,3.00419
136,141,6.10645
136,163,2.92026
136,213,2.89903
137,78,1.71908
137,119,1.55501
137,169,2.47444
137,281,4.90067
137,568,4.43555
137,637,2.63171
138,60,7.55558
138,79,7.06863
138,88,3.03287
138,105,1.07607
138,536,3.13095
139,55,2.18784
139,58,2.8753
139,204,5.96206
139,205,3.78111
139,313,2.05541
139,314,5.02797
140,3,4.35245
140,33,1.35601
140,145,5.11412
140,305,5.89948
140,338,2.90098
140,413,5.01004
141,136,6.10645
141,148,6.50643
141,163,1.47355
141,213,4.72779
141,321,2.11893
142,49,4.18507
142,221,3.95597
142,225,4.54079
142,229,0.592636
142,238,4.20503
142,244,2.29147
142,331,2.71856
144,157,5.02792
144,288,0.581425
144,322,6.8873
144,338,4.92884
144,351,6.0543
145,135,4.36853
145,140,5.11412
145,305,3.0187
145,306,2.02409
145,322,2.48381
145,338,4.37141
145,494,3.52
146,93,1.46709
146,323,4.90418
146,346,4.06631
146,384,5.0866
146,403,2.29936
146,425,5.35307
147,55,2.05767
147,204,4.30328
147,256,7.9255
147,313,1.95807
147,358,2.77588
147,359,5.4129
147,531,2.16628
148,141,6.50643
148,149,7.02479
148,163,3.16
148,170,2.38481
148,321,3.71684
148,402,3.23169
149,148,7.02479
149,163,4.00537
149,170,2.904
149,219,3.33999
149,326,4.00955
150,69,4.56943
150,101,5.70138
150,235,3.94162
150,246,3.35091
150,622,5.15256
150,624,2.28411
151,379,9.80494
151,382,10.5555
151,415,4.52327
152,153,5.39463
152,226,4.41922
152,309,2.15929
152,480,4.79094
152,488,4.01725
152,541,3.74635
153,152,5.39463
153,309,6.7689
153,456,5.84005
153,482,4.54187
153,488,3.14715
153,617,2.88068
154,135,1.4574
154,155,2.10059
154,291,3.00706
154,306,4.57648
154,473,1.76701
154,549,3.38547
154,550,1.95234
155,154,2.10059
155,288,2.83034
155,300,4.3009
155,306,4.70932
155,322,3.26663
155,494,1.26596
155,550,2.65912
157,144,5.02792
157,288,4.56775
157,351,0.425911
157,357,1.50794
157,381,4.68732
157,419,6.04957
158,269,2.59399
158,317,6.81969
158,319,4.09944
158,365,3.36758
158,613,4.63924
161,358,0.905827
161,540,4.74221
161,649,3.87088
161,650,5.57564
162,335,3.63571
162,513,2.98036
162,515,6.30433
162,518,0.480188
162,519,2.41977
162,567,1.39742
162,568,0.851921
163,27,3.96577
163,71,3.8597
163,126,1.46984
163,128,2.00033
163,136,2.92026
163,141,1.47355
163,148,3.16
163,149,4.00537
163,219,5.73979
164,83,6.01439
164,87,4.24342
164,248,3.57552
164,261,3.88302
164,262,2.19524
166,128,0
166,131,4.76722
166,132,4.18216
166,223,7.44531
166,279,2.28314
166,651,2.84588
167,361,5.72982
167,369,5.47612
167,382,4.877
167,395,7.34906
168,185,6.35788
168,206,2.13823
168,313,1.88223
168,359,6.48952
168,394,4.5437
169,30,3.89721
169,32,3.0906
169,78,4.01069
169,132,2.53438
169,137,2.47444
169,281,2.70265
169,652,4.79088
170,148,2.38481
170,149,2.904
170,171,3.52626
170,178,6.43475
170,326,3.17822
170,402,2.73969
170,435,1.98683
170,635,0.324247
171,170,3.52626
171,179,4.09581
171,326,5.50188
171,328,4.12789
171,435,3.88289
172,179,4.93523
172,189,3.51377
172,328,1.78004
172,329,4.46135
172,372,4.8768
172,464,1.30711
173,81,5.10176
173,133,3.4057
173,174,4.54811
173,336,1.20779
173,513,1.58429
173,514,3.62527
174,133,2.51021
174,173,4.54811
174,175,6.08512
174,287,4.96913
174,336,8.25119
174,378,1.69225
175,2,2.27293
175,133,3.76936
175,134,6.48526
175,174,6.08512
175,287,5.34398
176,177,3.69182
176,241,5.38764
176,341,4.45711
176,342,4.37216
176,555,0.553264
177,176,3.69182
177,183,5.47997
177,242,1.73911
177,342,2.23069
177,555,4.50885
178,170,6.43475
178,200,2.26578
178,435,2.87765
178,635,1.95765
178,636,4.42765
179,171,4.09581
179,172,4.93523
179,328,1.95654
179,435,4.10359
179,464,5.16911
180,189,4.71213
180,201,0.925096
180,372,4.87693
180,373,2.43835
180,439,5.25407
180,467,3.46299
181,202,3.11819
181,210,3.15512
181,335,5.53568
181,336,2.8758
181,409,6.56394
181,519,3.56685
182,6,5.66784
182,8,4.58539
182,25,1.85855
182,60,2.89747
182,80,1.90784
182,453,3.27174
183,177,5.47997
183,242,2.57025
183,270,3.73099
183,273,3.21956
183,342,2.59808
183,345,4.83359
184,41,3.40641
184,48,4.53707
184,191,0
184,325,3.72506
184,327,1.9323
184,334,6.70695
184,429,1.53667
185,168,6.35788
185,206,7.85932
185,359,1.98198
185,614,5.62823
185,615,2.10347
186,19,2.81823
186,250,4.55806
186,629,6.76852
186,631,6.75425
186,632,1.40251
187,196,2.91039
187,284,2.13255
187,298,3.62546
187,317,1.232
187,365,4.09761
187,428,4.86081
187,486,6.27973
189,172,3.51377
189,180,4.71213
189,201,5.31038
189,372,2.18525
189,414,1.23052
189,464,4.61922
190,11,1.01582
190,45,4.2745
190,52,4.49329
190,53,2.76202
190,463,5.24686
191,48,7.10484
191,121,4.26716
191,184,0
191,308,2.97361
191,318,3.62621
191,334,4.79353
191,564,3.23231
192,53,3.3353
192,72,3.11314
192,391,1.94094
192,647,4.56136
192,648,4.02414
193,361,3.87965
193,389,3.84199
193,395,5.44789
193,472,5.45838
196,29,4.42438
196,187,2.91039
196,217,1.99789
196,298,6.02653
196,428,2.65612
196,432,1.58643
196,479,1.82411
199,29,4.20978
199,402,3.00512
199,432,3.45913
199,527,3.16986
199,635,0.854525
199,636,5.16911
200,50,5.31178
200,178,2.26578
200,218,1.83742
200,390,4.78509
200,435,3.25582
200,527,2.49647
200,636,3.63786
201,180,0.925096
201,189,5.31038
201,220,3.06658
201,414,6.23117
201,467,5.0672
201,627,1.46085
201,628,1.68281
202,92,0.451285
202,181,3.11819
202,210,5.81761
202,518,0.938558
202,519,0.91392
202,520,7.36949
202,522,2.05971
204,55,4.99641
204,139,5.96206
204,147,4.30328
204,313,3.47024
205,58,4.70209
205,59,4.13613
205,139,3.78111
205,207,5.05334
205,314,2.37704
205,528,0.958288
206,168,2.13823
206,185,7.85932
206,215,5.15653
206,394,1.39586
206,401,2.50514
206,460,2.31446
206,484,5.05396
206,615,3.94465
206,616,3.73336
207,59,4.3112
207,130,3.85979
207,205,5.05334
207,263,7.18334
207,528,2.72127
207,613,2.47974
208,392,6.48767
208,414,4.77766
208,430,3.08522
208,464,1.37839
208,502,1.43211
210,181,3.15512
210,202,5.81761
210,211,2.40082
210,222,3.40984
210,409,3.36333
210,442,6.27085
210,522,4.49072
211,210,2.40082
211,222,4.37753
211,442,6.42322
211,474,6.71099
211,587,3.10152
211,634,2.61497
212,73,4.15329
212,224,7.1151
212,391,1.99993
212,421,0.633413
212,646,3.8496
212,647,5.74332
213,123,3.31588
213,136,2.89903
213,141,4.72779
213,269,6.25535
213,321,2.12311
213,612,2.02739
214,226,7.16093
214,480,3.49995
215,206,5.15653
215,216,4.62768
215,401,4.59421
215,466,1.97512
215,484,3.14157
216,215,4.62768
216,235,2.51521
216,239,1.56072
216,411,3.94311
216,466,3.11423
216,484,3.57966
217,29,4.72147
217,39,1.20878
217,196,1.99789
217,218,3.7386
217,479,5.17054
217,527,1.949
218,5,2.70966
218,7,3.40297
218,39,3.58121
218,200,1.83742
218,217,3.7386
218,390,3.49575
218,527,6.5344
219,128,2.64677
219,149,3.33999
219,163,5.73979
219,326,3.86852
219,328,1.89806
219,504,7.11185
220,67,2.20707
220,201,3.06658
220,424,3.11801
220,448,2.88833
220,467,2.94153
220,556,3.47864
220,628,5.17065
221,142,3.95597
221,225,3.05624
221,238,2.14348
221,253,2.78228
221,265,6.11931
221,266,0.972679
222,210,3.40984
222,211,4.37753
222,522,4.10215
222,592,3.31502
222,634,4.07971
223,128,2.97388
223,131,0
223,166,7.44531
223,279,0.998303
223,328,1.80288
223,329,5.05839
223,504,5.93113
224,63,4.81864
224,212,7.1151
224,421,2.91109
224,643,5.97775
224,646,2.11794
225,142,4.54079
225,221,3.05624
225,229,2.58333
225,266,4.60379
225,307,3.64021
226,152,4.41922
226,214,7.16093
226,480,2.46389
226,541,4.82813
226,542,6.56214
228,69,2.0071
228,101,5.34897
228,284,0.528531
228,298,5.85492
228,479,5.23483
228,485,3.9635
229,142,0.592636
229,225,2.58333
229,244,8.53582
229,258,3.32048
229,307,4.82837
229,376,2.92574
230,19,5.01131
230,92,3.67345
230,242,2.51515
230,251,4.77488
230,452,1.86162
230,520,1.49715
230,521,1.67445
231,85,2.43349
231,337,6.54916
231,400,5.36323
231,416,2.62635
231,573,2.73533
231,574,2.32701
234,134,3.80188
234,287,6.4259
234,586,2.46907
235,101,1.68333
235,150,3.94162
235,216,2.51521
235,245,3.94942
235,246,2.76103
235,411,5.87311
235,466,3.70992
236,89,5.08464
236,99,3.27598
236,453,1.78546
236,461,3.74937
236,653,1.92772
236,654,2.70032
238,47,2.92502
238,142,4.20503
238,221,2.14348
238,253,5.98675
238,309,1.29022
238,331,6.24789
239,4,4.67723
239,216,1.56072
239,411,3.74086
239,460,0.700606
239,484,4.4012
240,5,3.40929
240,39,3.68835
240,243,2.88447
240,479,3.67614
240,485,3.00466
240,491,5.1082
241,94,5.15763
241,176,5.38764
241,341,1.08555
241,555,2.10494
241,556,2.81405
241,628,3.73974
242,19,1.67081
242,177,1.73911
242,183,2.57025
242,230,2.51515
242,250,2.24486
242,251,4.7948
242,270,1.97038
242,555,2.8644
243,5,3.37529
243,240,2.88447
243,255,2.23614
243,260,3.89259
243,271,3.50793
243,490,2.90265
243,491,1.72938
244,49,4.91623
244,142,2.29147
244,229,8.53582
244,245,3.34536
244,401,3.45711
244,466,2.88636
245,235,3.94942
245,244,3.34536
245,246,4.23456
245,258,5.82284
245,315,0
245,466,4.30542
246,150,3.35091
246,235,2.76103
246,245,4.23456
246,258,0
246,315,6.16228
246,622,2.93625
248,87,2.45958
248,164,3.57552
248,249,1.76822
248,262,3.35876
248,340,3.59217
248,446,1.51364
248,447,2.42674
248,503,3.17453
249,94,5.96606
249,124,3.29574
249,248,1.76822
249,264,5.64495
249,340,1.83864
249,503,7.44784
250,19,3.6253
250,186,4.55806
250,242,2.24486
250,270,8.17382
250,629,0.990257
251,230,4.77488
251,242,4.7948
251,424,3.92605
251,452,2.77995
251,555,2.03062
251,556,1.99865
252,47,4.85793
252,253,3.6293
252,257,4.0898
252,542,3.76582
253,47,3.2967
253,221,2.78228
253,238,5.98675
253,252,3.6293
253,257,7.08478
253,265,1.27317
255,5,3.93904
255,7,3.38075
255,83,3.65063
255,243,2.23614
255,260,4.42911
255,261,5.99249
256,112,4.35585
256,147,7.9255
256,358,1.48984
256,531,1.38245
256,539,5.54497
256,540,3.74502
257,252,4.0898
257,253,7.08478
257,265,4.75498
257,423,1.49409
258,229,3.32048
258,245,5.82284
258,246,0
258,267,2.04793
258,315,3.89962
258,376,4.87904
260,243,3.89259
260,255,4.42911
260,261,1.96787
260,271,3.44365
260,283,7.71581
260,440,0.717658
260,444,3.81057
261,83,1.54868
261,164,3.88302
261,255,5.99249
261,260,1.96787
261,262,3.95853
261,444,5.58197
262,164,2.19524
262,248,3.35876
262,261,3.95853
262,444,1.41045
262,446,5.90795
263,207,7.18334
263,317,4.70164
263,363,3.51274
263,528,0.829527
263,613,1.4447
264,94,2.47228
264,249,5.64495
264,272,2.12887
264,278,3.73457
264,340,3.97658
264,341,4.51171
265,221,6.11931
265,253,1.27317
265,257,4.75498
265,266,2.4752
265,423,4.48114
266,221,0.972679
266,225,4.60379
266,265,2.4752
266,289,1.21485
266,307,0.898536
266,374,4.48388
266,423,3.0937
267,258,2.04793
267,282,2.23256
267,291,4.64524
267,315,6.15582
267,376,3.92854
267,433,2.51611
267,473,3.91408
268,271,2.94093
268,433,2.3965
268,436,6.86065
268,440,2.82563
268,476,1.50216
268,623,4.51995
268,624,1.28584
269,158,2.59399
269,213,6.25535
269,319,5.69562
269,321,2.23354
269,612,2.62878
269,613,1.86087
270,183,3.73099
270,242,1.97038
270,250,8.17382
270,274,2.39215
270,345,6.51087
270,405,2.75115
270,629,5.04693
271,243,3.50793
271,260,3.44365
271,268,2.94093
271,440,5.09972
271,490,5.52171
271,624,2.0321
272,9,2.75536
272,264,2.12887
272,278,4.76048
272,341,3.21049
272,399,1.32392
273,183,3.21956
273,280,4.63016
273,342,3.39738
273,345,3.57698
273,399,0.296043
273,450,4.42829
274,56,3.56729
274,270,2.39215
274,405,3.60056
274,459,5.58456
274,629,5.10797
274,630,2.78736
276,15,4.11588
276,108,4.01709
276,109,4.11826
276,505,4.48537
276,653,1.94437
277,38,0
277,113,4.50045
277,525,4.38042
277,659,2.82993
278,9,3.05401
278,264,3.73457
278,272,4.76048
278,294,1.83628
278,296,2.07743
278,340,2.09323
278,447,2.86837
279,166,2.28314
279,223,0.998303
279,329,3.83362
279,372,5.30756
279,373,0.901997
279,651,3.89378
279,652,2.41239
280,54,3.74843
280,273,4.63016
280,345,1.62253
280,347,4.60705
280,405,4.43292
280,450,2.72836
281,137,4.90067
281,169,2.70265
281,373,4.71362
281,516,2.22523
281,517,1.03217
281,568,4.12765
281,652,2.20689
282,267,2.23256
282,303,4.35242
282,433,7.22095
282,436,2.38922
282,473,3.52278
282,549,2.7831
283,260,7.71581
283,285,4.2969
283,293,6.05704
283,440,4.58932
283,444,1.42179
283,476,0.766098
284,4,5.41355
284,101,5.06141
284,187,2.13255
284,228,0.528531
284,298,5.77589
284,411,2.02793
284,427,0.487553
284,486,3.43428
285,48,2.87907
285,283,4.2969
285,293,1.29889
285,429,4.93873
285,444,6.43506
285,483,4.44399
287,134,0.735431
287,174,4.96913
287,175,5.34398
287,234,6.4259
287,378,5.71949
287,586,4.8181
288,144,0.581425
288,155,2.83034
288,157,4.56775
288,300,3.47719
288,322,5.60137
288,381,1.04739
288,403,6.95118
289,33,7.52955
289,266,1.21485
289,290,5.23075
289,305,1.28483
289,374,3.34064
289,423,6.49835
290,135,6.14448
290,289,5.23075
290,291,1.13279
290,305,4.67653
290,374,2.33786
290,426,5.25694
291,135,4.90803
291,154,3.00706
291,267,4.64524
291,290,1.13279
291,376,0.251331
291,426,3.19572
291,473,5.00916
292,31,7.92981
292,34,2.59347
292,303,0.798926
292,398,2.07549
292,436,6.63157
292,476,5.84514
293,41,1.54206
293,283,6.05704
293,285,1.29889
293,398,5.65134
293,429,2.99971
293,476,1.76748
294,9,4.98655
294,62,5.11993
294,278,1.83628
294,296,6.33294
294,308,2.12987
296,121,5.73778
296,278,2.07743
296,294,6.33294
296,308,2.76604
296,447,6.05087
297,9,5.88143
297,62,3.15526
297,74,5.04319
297,304,3.20305
297,399,0.768884
297,450,3.54524
298,187,3.62546
298,196,6.02653
298,228,5.85492
298,284,5.77589
298,479,0.711276
299,70,1.77526
299,81,3.14526
299,91,3.02348
299,111,5.51691
299,639,8.411
300,155,4.3009
300,288,3.47719
300,403,0.931513
300,425,5.1849
300,493,2.92519
300,550,4.32031
302,16,0.875094
302,23,4.59444
302,46,5.35698
302,109,4.60609
302,397,2.01608
302,507,1.71549
303,31,4.58428
303,282,4.35242
303,292,0.798926
303,436,3.11557
303,492,1.55455
303,493,3.178
303,549,3.26245
303,550,1.90218
304,74,3.76759
304,85,3.3533
304,297,3.20305
304,347,4.8476
304,450,3.11535
304,598,0.85574
305,33,3.10039
305,135,2.64685
305,140,5.89948
305,145,3.0187
305,289,1.28483
305,290,4.67653
306,135,3.63282
306,145,2.02409
306,154,4.57648
306,155,4.70932
306,494,4.13451
307,225,3.64021
307,229,4.82837
307,266,0.898536
307,374,4.94639
307,376,2.88103
307,426,1.48537
308,62,3.94797
308,121,4.11343
308,191,2.97361
308,294,2.12987
308,296,2.76604
308,318,5.387
308,344,2.94087
309,47,5.8312
309,152,2.15929
309,153,6.7689
309,238,1.29022
309,331,3.82588
309,541,4.51121
309,617,2.23301
310,80,2.22825
310,88,4.7126
310,97,3.31276
310,105,4.02682
310,106,4.89239
312,34,3.1186
312,41,3.69281
312,320,4.1108
312,325,2.84169
312,398,2.3173
313,139,2.05541
313,147,1.95807
313,168,1.88223
313,204,3.47024
313,314,4.55336
313,359,5.60487
313,394,4.2328
314,139,5.02797
314,205,2.37704
314,313,4.55336
314,363,0.362334
314,394,2.21748
314,396,4.66606
314,528,4.8903
315,245,0
315,246,6.16228
315,258,3.89962
315,267,6.15582
315,433,4.19492
315,622,3.48925
316,31,3.49303
316,34,5.53952
316,320,2.61919
316,323,3.89422
316,324,3.69862
316,492,1.7933
317,158,6.81969
317,187,1.232
317,263,4.70164
317,363,3.29844
317,365,3.18968
317,427,2.15602
317,486,3.48841
317,613,1.63321
318,191,3.62621
318,308,5.387
318,344,2.47346
318,563,3.12628
318,564,3.0252
318,625,5.791
319,158,4.09944
319,269,5.69562
319,321,0.286985
319,365,2.39173
319,367,5.69821
319,428,3.16226
320,34,1.87607
320,312,4.1108
320,316,2.61919
320,324,1.87622
320,325,4.70577
320,327,1.84745
320,343,2.29569
320,529,4.76744
321,141,2.11893
321,148,3.71684
321,213,2.12311
321,269,2.23354
321,319,0.286985
321,367,4.15296
321,402,3.84764
322,144,6.8873
322,145,2.48381
322,155,3.26663
322,288,5.60137
322,338,1.40643
322,494,5.67522
323,93,2.46117
323,146,4.90418
323,316,3.89422
323,324,2.68252
323,425,2.2368
323,492,1.55549
323,493,1.22801
324,93,5.19099
324,316,3.69862
324,320,1.87622
324,323,2.68252
324,529,4.47772
325,41,3.46682
325,184,3.72506
325,312,2.84169
325,320,4.70577
325,327,3.1696
326,149,4.00955
326,170,3.17822
326,171,5.50188
326,219,3.86852
326,328,3.41253
327,184,1.9323
327,320,1.84745
327,325,3.1696
327,332,8.28289
327,334,2.336
327,343,3.7351
327,348,1.9978
328,171,4.12789
328,172,1.78004
328,179,1.95654
328,219,1.89806
328,223,1.80288
328,326,3.41253
328,329,5.5455
328,504,1.73369
329,172,4.46135
329,223,5.05839
329,279,3.83362
329,328,5.5455
329,372,0.991746
330,76,4.46652
330,115,2.15566
330,377,6.06303
330,385,4.87455
330,387,0
330,530,4.20672
330,557,2.45
331,49,4.2019
331,142,2.71856
331,238,6.24789
331,309,3.82588
331,617,5.52758
332,327,8.28289
332,334,3.22962
332,348,1.82491
332,353,3.48786
332,561,3.27358
332,562,3.69043
332,563,2.13059
334,48,0
334,184,6.70695
334,191,4.79353
334,327,2.336
334,332,3.22962
334,563,2.18055
334,564,2.65226
335,162,3.63571
335,181,5.53568
335,336,2.72657
335,513,1.00842
335,514,1.65245
335,519,3.29119
336,173,1.20779
336,174,8.25119
336,181,2.8758
336,335,2.72657
336,378,0.690602
336,409,1.93833
336,514,4.60071
337,231,6.54916
337,574,3.28993
338,120,3.83833
338,140,2.90098
338,144,4.92884
338,145,4.37141
338,322,1.40643
338,351,1.94635
338,413,4.72186
338,477,1.2019
339,120,8.28762
339,361,5.22285
339,407,2.41672
339,472,7.86052
339,497,5.23405
340,248,3.59217
340,249,1.83864
340,264,3.97658
340,278,2.09323
340,447,5.34877
341,94,2.35593
341,176,4.45711
341,241,1.08555
341,264,4.51171
341,272,3.21049
341,342,1.94497
341,399,4.3184
342,176,4.37216
342,177,2.23069
342,183,2.59808
342,273,3.39738
342,341,1.94497
342,399,3.5401
343,320,2.29569
343,327,3.7351
343,348,3.00915
343,387,1.24582
343,529,5.22311
343,530,3.21544
344,62,7.19756
344,74,1.66332
344,308,2.94087
344,318,2.47346
344,501,5.00898
344,598,2.72287
344,625,5.44489
345,183,4.83359
345,270,6.51087
345,273,3.57698
345,280,1.62253
345,405,4.09738
346,40,5.68816
346,146,4.06631
346,357,2.5039
346,381,4.70071
346,384,2.84234
346,403,2.41654
347,54,2.64307
347,85,4.67103
347,280,4.60705
347,304,4.8476
347,450,1.94612
348,14,4.00128
348,327,1.9978
348,332,1.82491
348,343,3.00915
348,353,4.6005
348,377,2.61615
348,530,5.4722
351,144,6.0543
351,157,0.425911
351,338,1.94635
351,362,2.87741
351,419,4.04615
351,477,7.85918
353,14,3.78936
353,332,3.48786
353,348,4.6005
353,560,2.05357
353,561,2.59488
357,36,2.8046
357,40,2.92648
357,157,1.50794
357,346,2.5039
357,381,6.28935
357,419,5.2389
357,481,2.64726
358,147,2.77588
358,161,0.905827
358,256,1.48984
358,359,3.28499
358,540,5.08886
358,650,7.67015
359,147,5.4129
359,168,6.48952
359,185,1.98198
359,313,5.60487
359,358,3.28499
359,650,3.04396
361,120,5.04076
361,167,5.72982
361,193,3.87965
361,339,5.22285
361,362,0.969902
361,369,4.28146
361,395,4.26108
361,472,1.53383
361,477,5.3244
362,351,2.87741
362,361,0.969902
362,369,9.74231
362,370,3.90645
362,419,5.61411
362,477,4.70063
363,263,3.51274
363,314,0.362334
363,317,3.29844
363,396,5.59743
363,427,3.53386
363,528,3.6663
364,32,3.7772
364,90,3.20209
364,98,5.26674
364,642,1.81565
365,158,3.36758
365,187,4.09761
365,317,3.18968
365,319,2.39173
365,428,2.78762
366,57,2.30137
366,58,2.07625
366,59,2.16998
366,105,2.77516
366,129,7.27388
366,449,1.74375
366,537,2.40835
367,319,5.69821
367,321,4.15296
367,402,3.48369
367,428,1.04084
367,432,3.17644
369,167,5.47612
369,361,4.28146
369,362,9.74231
369,370,2.84422
369,382,8.57149
370,362,3.90645
370,369,2.84422
370,382,1.71019
370,408,8.73405
370,419,4.08632
370,481,6.56511
372,172,4.8768
372,180,4.87693
372,189,2.18525
372,279,5.30756
372,329,0.991746
372,373,5.12285
373,180,2.43835
373,279,0.901997
373,281,4.71362
373,372,5.12285
373,439,1.56847
373,517,3.03049
373,652,5.47921
374,266,4.48388
374,289,3.34064
374,290,2.33786
374,307,4.94639
374,426,4.04546
375,36,3.18577
375,76,3.19366
375,95,5.89052
375,115,2.78087
375,462,10.0236
375,471,3.39712
375,481,5.75304
376,229,2.92574
376,258,4.87904
376,267,3.92854
376,291,0.251331
376,307,2.88103
376,426,5.95536
377,14,1.4635
377,330,6.06303
377,348,2.61615
377,498,7.99803
377,530,2.23134
377,557,4.62397
377,558,1.54456
378,174,1.69225
378,287,5.71949
378,336,0.690602
378,409,7.27109
378,442,3.52384
378,586,5.32635
379,151,9.80494
379,382,1.763
379,383,7.76497
379,408,4.19306
379,471,4.37408
381,157,4.68732
381,288,1.04739
381,346,4.70071
381,357,6.28935
381,403,5.68434
382,151,10.5555
382,167,4.877
382,369,8.57149
382,370,1.71019
382,379,1.763
382,395,1.74012
382,408,5.29018
382,415,5.40765
383,95,3.00566
383,379,7.76497
383,471,4.26034
384,40,2.9415
384,93,2.80891
384,115,0.39945
384,146,5.0866
384,346,2.84234
384,385,6.52927
385,93,2.7322
385,115,5.37719
385,330,4.87455
385,384,6.52927
385,387,4.26178
385,530,0
387,93,2.91899
387,330,0
387,343,1.24582
387,385,4.26178
387,529,1.1331
387,530,5.21199
389,193,3.84199
389,395,5.88072
389,415,3.50711
390,7,4.09193
390,50,1.1607
390,200,4.78509
390,218,3.49575
390,393,6.0214
391,23,5.18592
391,72,5.41538
391,73,4.87298
391,192,1.94094
391,212,1.99993
391,397,0.367844
391,647,2.6291
392,50,4.81896
392,208,6.48767
392,418,3.94168
392,430,1.60854
392,435,2.45923
392,464,3.38516
393,7,2.85653
393,50,4.63798
393,83,0.888705
393,390,6.0214
393,418,7.16593
394,168,4.5437
394,206,1.39586
394,313,4.2328
394,314,2.21748
394,396,3.62158
394,460,4.44043
395,167,7.34906
395,193,5.44789
395,361,4.26108
395,382,1.74012
395,389,5.88072
395,415,3.9348
396,4,1.24544
396,314,4.66606
396,363,5.59743
396,394,3.62158
396,427,2.58475
396,460,5.88058
397,23,2.80526
397,73,4.27775
397,110,1.81344
397,302,2.01608
397,391,0.367844
397,421,3.0372
397,507,5.92736
397,508,1.09724
398,34,4.20569
398,41,2.94524
398,292,2.07549
398,293,5.65134
398,312,2.3173
398,476,3.04053
399,9,4.55077
399,272,1.32392
399,273,0.296043
399,297,0.768884
399,341,4.3184
399,342,3.5401
399,450,6.32471
400,54,4.94806
400,56,2.83927
400,85,3.41445
400,231,5.36323
400,416,5.00411
401,49,3.94357
401,206,2.50514
401,215,4.59421
401,244,3.45711
401,466,4.15773
401,616,3.75628
402,148,3.23169
402,170,2.73969
402,199,3.00512
402,321,3.84764
402,367,3.48369
402,432,1.30505
402,635,4.0113
403,146,2.29936
403,288,6.95118
403,300,0.931513
403,346,2.41654
403,381,5.68434
403,425,4.78347
404,10,4.44345
404,12,3.23007
404,533,8.14485
405,54,2.65912
405,56,2.75872
405,270,2.75115
405,274,3.60056
405,280,4.43292
405,345,4.09738
407,3,6.23791
407,120,5.75947
407,339,2.41672
407,413,7.02914
407,496,1.91073
407,497,6.10564
408,370,8.73405
408,379,4.19306
408,382,5.29018
408,471,4.98038
408,481,3.12324
409,181,6.56394
409,210,3.36333
409,336,1.93833
409,378,7.27109
409,442,5.08425
411,4,3.10663
411,101,4.18758
411,216,3.94311
411,235,5.87311
411,239,3.74086
411,284,2.02793
413,3,2.8632
413,120,3.05284
413,140,5.01004
413,338,4.72186
413,407,7.02914
414,124,2.82144
414,189,1.23052
414,201,6.23117
414,208,4.77766
414,464,3.81319
414,502,3.39149
414,627,1.55361
415,151,4.52327
415,382,5.40765
415,389,3.50711
415,395,3.9348
416,56,5.32637
416,231,2.62635
416,400,5.00411
416,454,5.65233
416,459,2.58262
417,559,1.76168
417,560,1.9282
417,561,6.30933
417,583,4.23281
418,83,3.46549
418,87,3.66621
418,392,3.94168
418,393,7.16593
418,430,4.60488
419,157,6.04957
419,351,4.04615
419,357,5.2389
419,362,5.61411
419,370,4.08632
419,481,2.46108
420,38,0.995646
420,65,2.12616
420,70,5.82007
420,75,2.79415
420,639,0.334466
420,640,1.79759
420,641,1.41304
420,642,5.2204
421,42,1.97988
421,63,3.59715
421,73,5.8628
421,212,0.633413
421,224,2.91109
421,397,3.0372
421,508,4.79218
422,26,5.10541
422,431,1.95331
422,534,3.30411
423,257,1.49409
423,265,4.48114
423,266,3.0937
423,289,6.49835
424,220,3.11801
424,251,3.92605
424,448,3.87629
424,452,3.54032
424,556,2.21201
425,146,5.35307
425,300,5.1849
425,323,2.2368
425,403,4.78347
425,493,4.64664
426,290,5.25694
426,291,3.19572
426,307,1.48537
426,374,4.04546
426,376,5.95536
427,4,6.18089
427,284,0.487553
427,317,2.15602
427,363,3.53386
427,396,2.58475
427,486,8.4808
428,187,4.86081
428,196,2.65612
428,319,3.16226
428,365,2.78762
428,367,1.04084
428,432,6.00929
429,41,5.54885
429,48,3.96625
429,184,1.53667
429,285,4.93873
429,293,2.99971
430,87,5.07091
430,208,3.08522
430,392,1.60854
430,418,4.60488
430,502,4.78345
430,503,2.80391
431,6,1.96332
431,25,5.02212
431,26,5.5823
431,35,8.6154
431,422,1.95331
432,29,4.00181
432,196,1.58643
432,199,3.45913
432,367,3.17644
432,402,1.30505
432,428,6.00929
433,267,2.51611
433,268,2.3965
433,282,7.22095
433,315,4.19492
433,436,4.09163
433,622,3.4746
433,623,2.70449
434,10,8.02
434,11,2.87245
434,12,6.89948
434,28,3.80908
434,437,14.4228
434,648,3.86472
435,50,5.77504
435,170,1.98683
435,171,3.88289
435,178,2.87765
435,179,4.10359
435,200,3.25582
435,392,2.45923
435,464,1.65436
436,268,6.86065
436,282,2.38922
436,292,6.63157
436,303,3.11557
436,433,4.09163
436,476,2.83699
437,10,2.38382
437,434,14.4228
437,645,13.5328
437,648,2.25697
439,67,3.53549
439,180,5.25407
439,373,1.56847
439,441,2.8968
439,467,1.96697
439,517,6.26601
440,260,0.717658
440,268,2.82563
440,271,5.09972
440,283,4.58932
440,476,6.63062
441,67,3.76873
441,439,2.8968
441,448,2.43135
441,452,2.08799
441,515,0.558518
441,516,2.29522
441,517,1.89731
441,518,5.86175
441,521,1.74305
442,210,6.27085
442,211,6.42322
442,378,3.52384
442,409,5.08425
442,586,3.3467
442,587,2.02156
444,260,3.81057
444,261,5.58197
444,262,1.41045
444,283,1.42179
444,285,6.43506
444,446,2.72185
444,483,2.1347
445,77,5.05595
445,79,3.88881
445,535,2.77482
445,536,3.82251
446,121,0.768784
446,248,1.51364
446,262,5.90795
446,444,2.72185
446,447,5.76899
446,483,4.92991
447,121,3.42915
447,248,2.42674
447,278,2.86837
447,296,6.05087
447,340,5.34877
447,446,5.76899
448,67,3.04759
448,220,2.88833
448,424,3.87629
448,441,2.43135
448,452,3.50933
449,59,4.79154
449,61,3.85784
449,105,5.17265
449,106,2.42948
449,366,1.74375
450,273,4.42829
450,280,2.72836
450,297,3.54524
450,304,3.11535
450,347,1.94612
450,399,6.32471
452,230,1.86162
452,251,2.77995
452,424,3.54032
452,441,2.08799
452,448,3.50933
452,521,7.83165
453,8,2.66103
453,80,3.7748
453,99,1.23128
453,182,3.27174
453,236,1.78546
453,461,6.27269
454,416,5.65233
454,459,1.46324
455,17,7.32844
455,26,1.96402
455,28,5.13572
455,51,2.03272
455,52,2.48851
455,470,6.10375
456,153,5.84005
456,482,6.84438
456,488,1.33898
456,614,2.25776
456,649,6.48577
456,650,6.51833
459,56,2.76328
459,274,5.58456
459,416,2.58262
459,454,1.46324
459,630,0.412839
460,4,5.78708
460,206,2.31446
460,239,0.700606
460,394,4.44043
460,396,5.88058
460,484,6.22417
461,8,1.93197
461,51,3.80823
461,236,3.74937
461,453,6.27269
461,463,3.34003
461,654,1.30781
462,76,3.77063
462,95,3.72799
462,375,10.0236
462,557,6.49445
462,558,3.41617
463,45,0.35754
463,51,4.20807
463,52,1.07852
463,190,5.24686
463,461,3.34003
463,654,4.35773
464,172,1.30711
464,179,5.16911
464,189,4.61922
464,208,1.37839
464,392,3.38516
464,414,3.81319
464,435,1.65436
466,215,1.97512
466,216,3.11423
466,235,3.70992
466,244,2.88636
466,245,4.30542
466,401,4.15773
467,67,4.5284
467,180,3.46299
467,201,5.0672
467,220,2.94153
467,439,1.96697
470,8,6.47473
470,25,2.53086
470,26,2.99909
470,51,2.81268
470,455,6.10375
471,95,5.17133
471,375,3.39712
471,379,4.37408
471,383,4.26034
471,408,4.98038
471,481,5.97018
472,193,5.45838
472,339,7.86052
472,361,1.53383
473,154,1.76701
473,267,3.91408
473,282,3.52278
473,291,5.00916
473,549,4.05216
474,211,6.71099
474,587,3.36532
474,634,3.6381
476,268,1.50216
476,283,0.766098
476,292,5.84514
476,293,1.76748
476,398,3.04053
476,436,2.83699
476,440,6.63062
477,120,7.16327
477,338,1.2019
477,351,7.85918
477,361,5.3244
477,362,4.70063
478,63,3.1231
478,65,3.01992
478,82,4.8562
478,86,8.34893
478,644,4.44951
479,39,2.52986
479,196,1.82411
479,217,5.17054
479,228,5.23483
479,240,3.67614
479,298,0.711276
479,485,2.99647
480,152,4.79094
480,214,3.49995
480,226,2.46389
480,488,2.79078
481,36,8.55759
481,357,2.64726
481,370,6.56511
481,375,5.75304
481,408,3.12324
481,419,2.46108
481,471,5.97018
482,153,4.54187
482,456,6.84438
482,614,4.88767
482,617,4.51621
483,48,3.77979
483,121,8.87168
483,285,4.44399
483,444,2.1347
483,446,4.92991
484,206,5.05396
484,215,3.14157
484,216,3.57966
484,239,4.4012
484,460,6.22417
485,69,5.42162
485,228,3.9635
485,240,3.00466
485,479,2.99647
485,491,3.55056
485,624,3.99389
486,187,6.27973
486,284,3.43428
486,317,3.48841
486,427,8.4808
488,152,4.01725
488,153,3.14715
488,456,1.33898
488,480,2.79078
488,649,3.98125
490,243,2.90265
490,271,5.52171
490,491,4.28008
490,624,3.52428
491,240,5.1082
491,243,1.72938
491,485,3.55056
491,490,4.28008
491,624,0.342834
492,31,4.3128
492,303,1.55455
492,316,1.7933
492,323,1.55549
492,493,7.07967
493,300,2.92519
493,303,3.178
493,323,1.22801
493,425,4.64664
493,492,7.07967
493,550,2.59102
494,145,3.52
494,155,1.26596
494,306,4.13451
494,322,5.67522
495,3,4.89322
495,33,1.84129
495,496,1.10539
496,3,4.98357
496,407,1.91073
496,495,1.10539
496,497,3.61507
497,339,5.23405
497,407,6.10564
497,496,3.61507
498,14,4.42026
498,377,7.99803
498,558,2.05157
501,344,5.00898
501,597,1.02267
501,598,5.60247
501,625,0.547379
501,626,2.00383
502,124,6.02136
502,208,1.43211
502,414,3.39149
502,430,4.78345
502,503,1.75642
503,87,4.76782
503,124,1.30748
503,248,3.17453
503,249,7.44784
503,430,2.80391
503,502,1.75642
504,128,4.15949
504,219,7.11185
504,223,5.93113
504,328,1.73369
505,27,4.28389
505,71,1.71331
505,108,1.89005
505,109,2.04297
505,276,4.48537
506,89,6.51072
506,107,2.15854
506,108,3.95352
506,116,4.06095
507,46,1.80116
507,110,3.24251
507,117,4.5378
507,118,1.34892
507,302,1.71549
507,397,5.92736
508,42,2.48585
508,98,2.64627
508,110,3.53696
508,397,1.09724
508,421,4.79218
513,81,1.68638
513,162,2.98036
513,173,1.58429
513,335,1.00842
513,514,6.18726
513,567,4.4366
513,638,2.81459
514,173,3.62527
514,335,1.65245
514,336,4.60071
514,513,6.18726
515,162,6.30433
515,441,0.558518
515,516,7.37017
515,518,2.21071
515,568,2.18902
516,281,2.22523
516,441,2.29522
516,515,7.37017
516,517,6.94833
516,568,0.542969
517,281,1.03217
517,373,3.03049
517,439,6.26601
517,441,1.89731
517,516,6.94833
518,162,0.480188
518,202,0.938558
518,441,5.86175
518,515,2.21071
