label, neighbor, wall area
299,328,5.01767
299,486,3.97454
299,498,5.70809
299,504,2.60941
299,515,4.00832
299,568,5.68813
302,307,6.42268
302,396,3.13541
302,436,5.11184
302,484,8.03543
302,544,1.55394
303,345,9.04666
303,453,3.44157
303,548,9.04956
303,561,2.95755
304,478,5.80848
304,479,3.16888
304,498,0.870321
304,629,5.38125
304,630,6.24754
306,380,2.7559
306,425,3.17328
306,444,7.40735
306,460,3.94393
306,507,4.07396
306,529,0.537134
307,302,6.42268
307,310,8.93194
307,358,2.10542
307,365,3.17543
307,396,2.96702
307,436,1.77362
308,356,7.82558
308,495,3.35561
308,539,2.82228
308,609,3.73921
308,670,3.58579
309,334,2.42949
309,336,3.40028
309,566,3.17927
310,307,8.93194
310,320,3.33731
310,358,4.16371
310,365,1.24438
310,441,4.30788
310,541,3.66449
311,427,3.5072
311,445,2.50693
311,457,4.12088
311,463,2.11242
311,466,6.64412
311,511,2.64316
313,366,6.26243
313,390,3.5074
313,418,5.24819
313,442,6.58596
313,466,2.58663
313,481,8.26318
313,627,0.432507
314,356,12.3547
314,633,3.28842
314,634,2.05171
314,671,1.25188
316,349,3.30359
316,376,7.47126
316,379,3.16263
316,661,4.46905
317,470,3.80927
317,531,4.49073
317,535,1.34619
317,537,3.01829
318,353,7.11374
318,594,2.35692
318,596,2.34988
318,659,4.62619
319,389,5.38594
319,398,2.69693
319,659,6.93931
320,310,3.33731
320,358,4.21564
320,373,3.93897
320,520,5.13719
320,525,5.32657
320,541,6.07505
321,371,3.72615
321,495,5.66242
321,635,1.66764
321,670,4.24256
321,679,5.41631
323,341,3.66548
323,515,3.93949
323,610,2.87223
323,628,2.09548
323,629,8.04806
326,398,5.62679
326,508,0.938888
326,527,5.15469
326,602,4.66128
327,360,5.13937
327,442,6.67535
327,490,2.06368
328,299,5.01767
328,455,1.46668
328,486,2.27626
328,498,3.70873
328,523,5.64721
328,526,6.22245
328,529,1.57626
329,422,2.34653
329,431,2.79382
329,443,3.75292
329,477,6.456
329,530,4.64599
330,350,8.23326
330,386,3.49408
330,464,0
330,501,5.04632
330,511,3.49506
330,518,2.5177
330,558,6.51522
331,334,5.25706
331,602,6.05193
331,686,3.01657
332,420,6.17394
332,461,2.15339
332,493,4.34669
332,524,1.64452
332,533,2.90589
332,564,7.68745
334,309,2.42949
334,331,5.25706
334,336,5.48013
334,686,4.98275
336,309,3.40028
336,334,5.48013
336,467,1.41901
336,562,2.70651
336,566,5.16179
336,686,2.56816
338,363,3.88452
338,372,3.55967
338,417,0.69286
338,474,3.58562
338,556,2.37444
338,557,3.61001
341,323,3.66548
341,361,3.38111
341,364,1.75198
341,610,6.99994
341,628,7.27472
344,353,2.85662
344,354,6.66905
344,362,3.82925
344,389,3.80678
344,435,1.57042
344,659,5.51282
345,303,9.04666
345,387,4.02727
345,519,1.62767
345,561,1.42178
345,642,0.96675
345,655,9.51665
346,352,6.01114
346,420,4.0801
346,469,0.902485
346,487,4.34309
346,497,1.1357
346,534,7.06146
348,375,1.0095
348,387,3.43083
348,412,7.08631
348,429,5.88709
348,453,3.07024
348,548,7.66239
348,570,1.1462
349,316,3.30359
349,376,0.729986
349,409,4.05897
350,330,8.23326
350,386,1.19067
350,394,4.66895
350,454,3.95099
350,464,4.40351
350,470,3.19136
350,501,0
350,535,3.88171
352,346,6.01114
352,469,5.35896
352,497,5.51196
352,539,5.27342
353,318,7.11374
353,344,2.85662
353,362,4.60303
353,594,3.31303
353,659,4.40376
354,344,6.66905
354,377,3.63589
354,389,4.85266
354,435,3.33003
354,508,4.24074
355,365,2.92591
355,430,6.42905
355,450,1.01
355,492,7.58828
355,503,2.91471
355,552,0.505801
356,308,7.82558
356,314,12.3547
356,361,4.04879
356,609,1.85577
356,633,1.14833
356,670,2.69034
356,671,2.62081
358,307,2.10542
358,310,4.16371
358,320,4.21564
358,396,1.30098
358,509,6.38657
358,510,3.00672
358,525,3.98899
359,362,2.12624
359,397,4.65493
359,435,3.11299
359,483,6.60269
359,594,8.9852
360,327,5.13937
360,442,1.49613
360,465,1.44248
360,471,2.4334
360,472,6.62282
360,481,6.05837
361,341,3.38111
361,356,4.04879
361,364,3.42131
361,609,5.10303
361,610,2.62177
361,633,4.79456
362,344,3.82925
362,353,4.60303
362,359,2.12624
362,435,5.72956
362,594,3.10934
363,338,3.88452
363,417,5.11736
363,467,4.92604
363,556,4.19846
363,590,3.82739
364,341,1.75198
364,361,3.42131
364,390,4.90529
364,407,0.429657
364,628,4.74126
364,633,7.91828
365,307,3.17543
365,310,1.24438
365,355,2.92591
365,375,6.16501
365,436,3.32192
365,441,7.09875
365,492,3.00506
365,503,2.70197
366,313,6.26243
366,418,4.32859
366,479,3.15764
366,627,4.22836
366,630,1.91997
367,391,5.58892
367,408,5.6468
367,413,2.72697
367,425,3.52206
367,506,5.24726
367,507,4.58113
369,437,2.07217
369,441,4.13101
369,456,1.79673
369,503,6.01713
369,520,3.33948
369,541,2.89067
370,406,5.7267
370,555,1.26823
370,556,5.27862
370,562,4.23156
370,685,3.37328
370,686,5.32701
371,321,3.72615
371,461,3.25234
371,487,7.09375
371,495,1.38043
371,497,4.70144
371,635,6.81034
372,338,3.55967
372,379,6.02109
372,386,4.32001
372,451,0
372,454,0.979211
372,474,1.18689
372,557,3.85293
373,320,3.93897
373,405,2.35257
373,486,5.7827
373,504,2.49514
373,520,1.89599
373,523,2.65292
373,525,2.15625
375,348,1.0095
375,365,6.16501
375,429,4.57335
375,436,7.95323
375,453,3.76431
375,492,2.76243
376,316,7.47126
376,349,0.729986
376,379,2.86392
376,409,4.54831
376,454,2.63885
376,563,4.17347
377,354,3.63589
377,397,3.48343
377,399,6.55414
377,435,4.10552
377,439,2.26256
377,508,3.70171
378,399,4.39372
378,401,2.9047
378,488,1.81571
378,508,3.87729
378,554,3.03887
378,638,6.24701
379,316,3.16263
379,372,6.02109
379,376,2.86392
379,454,4.57929
379,474,8.11489
379,661,0.412625
380,306,2.7559
380,438,3.88635
380,459,3.14909
380,507,7.7158
380,526,2.24873
380,529,7.159
383,393,3.51731
383,403,5.66702
383,406,4.14112
383,446,1.99444
383,528,2.35171
383,685,2.30553
385,391,2.88436
385,413,2.86098
385,423,3.28631
385,426,5.69848
385,438,0.728094
385,494,7.84026
386,330,3.49408
386,350,1.19067
386,372,4.32001
386,451,7.36871
386,454,6.82022
386,557,0
386,558,0.846993
387,345,4.02727
387,348,3.43083
387,482,2.01341
387,548,1.0916
387,570,4.72948
387,641,2.62048
387,642,5.21966
389,319,5.38594
389,344,3.80678
389,354,4.85266
389,398,8.51902
389,508,2.82617
389,659,2.77214
390,313,3.5074
390,364,4.90529
390,407,5.61871
390,442,2.21786
390,627,8.02481
390,628,3.69499
391,367,5.58892
391,385,2.88436
391,413,4.02934
391,438,6.74757
391,507,1.54755
392,488,1.0171
392,491,5.25961
392,496,1.64015
392,553,5.19021
392,554,3.54967
393,383,3.51731
393,402,2.73944
393,403,2.77684
393,408,3.74442
393,491,4.61475
393,506,1.61501
393,528,3.50583
394,350,4.66895
394,395,5.33384
394,454,1.43628
394,535,5.05002
394,537,1.3907
394,563,4.08465
395,394,5.33384
395,409,6.51234
395,537,3.43879
395,563,1.60566
396,302,3.13541
396,307,2.96702
396,358,1.30098
396,509,6.59415
396,544,5.97214
396,586,4.31475
397,359,4.65493
397,377,3.48343
397,435,5.27727
397,439,6.33107
397,483,6.13117
397,485,3.27548
398,319,2.69693
398,326,5.62679
398,389,8.51902
398,508,3.35166
399,377,6.55414
399,378,4.39372
399,439,4.37214
399,488,5.30906
399,508,2.31743
400,414,6.54704
400,424,4.27123
400,446,4.07654
400,448,2.34134
400,500,3.13402
400,518,2.58115
400,528,1.75142
401,378,2.9047
401,402,8.29435
401,491,3.53856
401,554,2.78899
401,638,4.58138
401,685,1.22701
402,393,2.73944
402,401,8.29435
402,403,5.17114
402,491,2.88766
402,685,2.92723
403,383,5.66702
403,393,2.77684
403,402,5.17114
403,685,4.45558
405,373,2.35257
405,468,4.42316
405,504,4.41893
405,525,5.44797
405,567,3.43456
406,370,5.7267
406,383,4.14112
406,446,4.50839
406,448,2.63788
406,555,4.30079
406,685,0.963452
407,364,0.429657
407,390,5.61871
407,442,3.65839
407,490,8.16275
407,633,3.47889
408,367,5.6468
408,393,3.74442
408,414,3.88484
408,425,2.885
408,506,5.21019
408,528,4.09712
409,349,4.05897
409,376,4.54831
409,395,6.51234
409,563,3.49787
412,348,7.08631
412,429,6.05064
412,570,3.11807
412,574,2.8612
413,367,2.72697
413,385,2.86098
413,391,4.02934
413,426,2.91248
413,496,4.22418
413,506,1.84715
414,400,6.54704
414,408,3.88484
414,424,0.665344
414,425,2.80558
414,473,3.81654
414,528,4.1876
417,338,0.69286
417,363,5.11736
417,474,6.25394
417,590,3.01826
417,662,4.02206
417,663,4.10557
418,313,5.24819
418,366,4.32859
418,463,3.42374
418,466,4.19808
418,479,4.01125
420,332,6.17394
420,346,4.0801
420,461,6.24307
420,487,3.69848
420,524,3.79895
420,534,4.71745
422,329,2.34653
422,431,2.90771
422,477,2.42502
422,519,4.48664
422,561,1.81496
422,645,4.00433
423,385,3.28631
423,426,1.4193
423,430,7.78668
423,437,5.9989
423,489,5.78189
423,494,0.862479
423,503,2.01943
424,400,4.27123
424,414,0.665344
424,427,2.74584
424,473,6.61446
424,518,7.14196
425,306,3.17328
425,367,3.52206
425,408,2.885
425,414,2.80558
425,444,1.8922
425,473,6.64539
425,507,5.0733
426,385,5.69848
426,413,2.91248
426,423,1.4193
426,488,1.18952
426,489,5.47076
426,496,5.50084
426,553,2.36556
427,311,3.5072
427,424,2.74584
427,457,4.7712
427,473,3.04313
427,511,8.4283
427,518,3.76766
429,348,5.88709
429,375,4.57335
429,412,6.05064
429,492,9.13297
429,574,5.03906
430,355,6.42905
430,423,7.78668
430,485,1.96659
430,489,2.37465
430,503,4.33155
430,551,2.12496
430,552,3.7338
431,329,2.79382
431,422,2.90771
431,453,2.97913
431,462,3.99302
431,530,2.34254
431,561,4.62396
434,450,2.26813
434,483,9.55443
434,574,10.8295
434,597,4.40421
434,639,2.61038
435,344,1.57042
435,354,3.33003
435,359,3.11299
435,362,5.72956
435,377,4.10552
435,397,5.27727
436,302,5.11184
436,307,1.77362
436,365,3.32192
436,375,7.95323
436,453,4.88216
436,462,2.69304
436,484,2.83283
437,369,2.07217
437,423,5.9989
437,456,7.79225
437,494,4.45603
437,503,3.9156
438,380,3.88635
438,385,0.728094
438,391,6.74757
438,459,3.35763
438,494,3.9637
438,507,2.37797
439,377,2.26256
439,397,6.33107
439,399,4.37214
439,485,2.29135
439,488,5.22531
439,551,2.90955
440,445,3.00384
440,458,2.83034
440,464,5.06202
440,501,2.30534
440,531,2.02039
440,536,2.7921
440,664,6.49069
441,310,4.30788
441,365,7.09875
441,369,4.13101
441,503,2.50174
441,541,1.31515
442,313,6.58596
442,327,6.67535
442,360,1.49613
442,390,2.21786
442,407,3.65839
442,481,2.8868
442,490,2.60628
443,329,3.75292
443,477,1.64154
443,530,2.9491
443,546,2.60449
444,306,7.40735
444,425,1.8922
444,457,4.35176
444,460,4.14605
444,463,3.88819
444,473,5.63913
445,311,2.50693
445,440,3.00384
445,458,8.64863
445,466,2.8497
445,501,2.57461
445,511,7.09965
446,383,1.99444
446,400,4.07654
446,406,4.50839
446,448,5.53861
446,528,6.36633
448,400,2.34134
448,406,2.63788
448,446,5.53861
448,451,3.76636
448,500,6.1519
448,555,3.60082
448,557,2.01998
449,455,3.28304
449,456,4.56903
449,520,5.5763
449,523,2.38694
450,355,1.01
450,434,2.26813
450,483,2.37058
450,492,5.35546
450,552,7.02705
450,574,3.16738
451,372,0
451,386,7.36871
451,448,3.76636
451,500,4.43543
451,557,4.19579
451,558,3.11491
453,303,3.44157
453,348,3.07024
453,375,3.76431
453,431,2.97913
453,436,4.88216
453,462,2.8474
453,548,3.80284
453,561,1.84037
454,350,3.95099
454,372,0.979211
454,376,2.63885
454,379,4.57929
454,386,6.82022
454,394,1.43628
454,563,6.12101
455,328,1.46668
455,449,3.28304
455,456,1.99274
455,459,5.47043
455,494,4.2891
455,523,3.60735
455,526,1.90579
456,369,1.79673
456,437,7.79225
456,449,4.56903
456,455,1.99274
456,494,3.21838
456,520,2.49308
457,311,4.12088
457,427,4.7712
457,444,4.35176
457,463,6.9025
457,473,4.89764
458,440,2.83034
458,445,8.64863
458,465,4.6628
458,466,2.40623
458,472,4.4363
458,481,3.60467
458,664,3.13344
459,380,3.14909
459,438,3.35763
459,455,5.47043
459,494,1.8742
459,526,3.78871
460,306,3.94393
460,444,4.14605
460,463,0.704655
460,478,6.02049
460,479,4.19018
460,529,4.05603
461,332,2.15339
461,371,3.25234
461,420,6.24307
461,487,9.25706
461,493,4.15676
461,635,2.08353
462,431,3.99302
462,436,2.69304
462,453,2.8474
462,484,4.61849
462,530,3.93137
462,547,2.70241
463,311,2.11242
463,418,3.42374
463,444,3.88819
463,457,6.9025
463,460,0.704655
463,466,3.46333
463,479,7.00299
464,330,0
464,350,4.40351
464,440,5.06202
464,470,4.56613
464,501,8.56682
464,531,4.26094
465,360,1.44248
465,458,4.6628
465,471,7.74794
465,472,2.71996
465,664,2.59048
466,311,6.64412
466,313,2.58663
466,418,4.19808
466,445,2.8497
466,458,2.40623
466,463,3.46333
466,481,4.33978
467,336,1.41901
467,363,4.92604
467,556,1.68129
467,562,7.19149
467,566,1.59968
467,590,1.47082
467,591,3.78486
468,405,4.42316
468,510,5.27602
468,521,4.00467
468,525,2.07991
468,567,3.42816
469,346,0.902485
469,352,5.35896
469,515,1.92161
469,522,3.65332
469,534,2.0438
469,539,2.12086
469,610,8.01398
470,317,3.80927
470,350,3.19136
470,464,4.56613
470,531,3.24638
470,535,3.18625
471,360,2.4334
471,465,7.74794
471,664,3.93281
471,665,0.886435
472,360,6.62282
472,458,4.4363
472,465,2.71996
472,481,5.07893
473,414,3.81654
473,424,6.61446
473,425,6.64539
473,427,3.04313
473,444,5.63913
473,457,4.89764
474,338,3.58562
474,372,1.18689
474,379,8.11489
474,417,6.25394
474,661,4.888
474,662,1.57018
477,329,6.456
477,422,2.42502
477,443,1.64154
477,645,3.43926
477,649,1.08937
478,304,5.80848
478,460,6.02049
478,479,2.31759
478,498,5.39636
478,529,4.46683
479,304,3.16888
479,366,3.15764
479,418,4.01125
479,460,4.19018
479,463,7.00299
479,478,2.31759
479,630,4.33572
481,313,8.26318
481,360,6.05837
481,442,2.8868
481,458,3.60467
481,466,4.33978
481,472,5.07893
482,387,2.01341
482,570,6.35028
482,640,1.16103
482,641,1.546
483,359,6.60269
483,397,6.13117
483,434,9.55443
483,450,2.37058
483,485,3.75339
483,552,4.08391
483,594,0.179911
483,597,1.149
484,302,8.03543
484,436,2.83283
484,462,4.61849
484,538,2.68313
484,544,4.25311
484,547,6.09325
485,397,3.27548
485,430,1.96659
485,439,2.29135
485,483,3.75339
485,551,7.92625
485,552,4.80507
486,299,3.97454
486,328,2.27626
486,373,5.7827
486,504,1.77087
486,523,2.09212
487,346,4.34309
487,371,7.09375
487,420,3.69848
487,461,9.25706
487,497,3.02102
488,378,1.81571
488,392,1.0171
488,399,5.30906
488,426,1.18952
488,439,5.22531
488,489,5.55846
488,551,1.04652
488,553,7.51535
488,554,2.32624
489,423,5.78189
489,426,5.47076
489,430,2.37465
489,488,5.55846
489,551,7.04054
490,327,2.06368
490,407,8.16275
490,442,2.60628
490,633,2.03286
490,634,1.15358
491,392,5.25961
491,393,4.61475
491,401,3.53856
491,402,2.88766
491,496,3.01784
491,506,4.55377
491,554,0.260147
492,355,7.58828
492,365,3.00506
492,375,2.76243
492,429,9.13297
492,450,5.35546
492,574,0.455459
493,332,4.34669
493,461,4.15676
494,385,7.84026
494,423,0.862479
494,437,4.45603
494,438,3.9637
494,455,4.2891
494,456,3.21838
494,459,1.8742
495,308,3.35561
495,321,5.66242
495,371,1.38043
495,497,4.62832
495,539,5.28146
495,670,3.77016
496,392,1.64015
496,413,4.22418
496,426,5.50084
496,491,3.01784
496,506,2.88266
496,553,3.39442
497,346,1.1357
497,352,5.51196
497,371,4.70144
497,487,3.02102
497,495,4.62832
497,539,0.649075
498,299,5.70809
498,304,0.870321
498,328,3.70873
498,478,5.39636
498,515,5.30502
498,529,6.51756
498,629,8.94496
500,400,3.13402
500,448,6.1519
500,451,4.43543
500,518,4.25391
500,558,2.7187
501,330,5.04632
501,350,0
501,440,2.30534
501,445,2.57461
501,464,8.56682
501,511,7.78505
503,355,2.91471
503,365,2.70197
503,369,6.01713
503,423,2.01943
503,430,4.33155
503,437,3.9156
503,441,2.50174
504,299,2.60941
504,373,2.49514
504,405,4.41893
504,486,1.77087
504,567,1.70013
504,568,4.81218
506,367,5.24726
506,393,1.61501
506,408,5.21019
506,413,1.84715
506,491,4.55377
506,496,2.88266
507,306,4.07396
507,367,4.58113
507,380,7.7158
507,391,1.54755
507,425,5.0733
507,438,2.37797
508,326,0.938888
508,354,4.24074
508,377,3.70171
508,378,3.87729
508,389,2.82617
508,398,3.35166
508,399,2.31743
508,527,7.47808
508,638,2.20995
509,358,6.38657
509,396,6.59415
509,510,4.52526
509,542,0.557975
509,586,7.43453
510,358,3.00672
510,468,5.27602
510,509,4.52526
510,521,1.26847
510,525,2.9921
510,542,3.66483
511,311,2.64316
511,330,3.49506
511,427,8.4283
511,445,7.09965
511,501,7.78505
511,518,2.6388
515,299,4.00832
515,323,3.93949
515,469,1.92161
515,498,5.30502
515,522,5.93792
515,568,1.56627
515,610,4.38734
515,629,2.6587
518,330,2.5177
518,400,2.58115
518,424,7.14196
518,427,3.76766
518,500,4.25391
518,511,2.6388
518,558,4.80713
519,345,1.62767
519,422,4.48664
519,561,3.47533
519,645,1.40011
519,655,3.42074
519,657,5.13288
520,320,5.13719
520,369,3.33948
520,373,1.89599
520,449,5.5763
520,456,2.49308
520,523,3.12858
520,541,3.62821
521,468,4.00467
521,510,1.26847
521,524,2.66533
521,533,3.90692
521,542,6.085
521,564,4.97128
521,567,1.87447
522,469,3.65332
522,515,5.93792
522,534,6.44771
522,567,3.11495
522,568,3.73567
523,328,5.64721
523,373,2.65292
523,449,2.38694
523,455,3.60735
523,486,2.09212
523,520,3.12858
524,332,1.64452
524,420,3.79895
524,521,2.66533
524,534,2.13177
524,564,3.1812
524,567,7.17974
525,320,5.32657
525,358,3.98899
525,373,2.15625
525,405,5.44797
525,468,2.07991
525,510,2.9921
526,328,6.22245
526,380,2.24873
526,455,1.90579
526,459,3.78871
526,529,4.35795
527,326,5.15469
527,508,7.47808
527,602,2.06192
527,638,1.97782
527,684,6.03177
528,383,2.35171
528,393,3.50583
528,400,1.75142
528,408,4.09712
528,414,4.1876
528,446,6.36633
529,306,0.537134
529,328,1.57626
529,380,7.159
529,460,4.05603
529,478,4.46683
529,498,6.51756
529,526,4.35795
530,329,4.64599
530,431,2.34254
530,443,2.9491
530,462,3.93137
530,545,1.7583
530,546,3.27065
530,547,5.005
531,317,4.49073
531,440,2.02039
531,464,4.26094
531,470,3.24638
531,536,5.64548
533,332,2.90589
533,521,3.90692
533,542,0.790261
533,543,4.15142
533,564,3.80617
534,346,7.06146
534,420,4.71745
534,469,2.0438
534,522,6.44771
534,524,2.13177
534,567,2.13126
535,317,1.34619
535,350,3.88171
535,394,5.05002
535,470,3.18625
535,537,2.93898
536,440,2.7921
536,531,5.64548
536,664,4.62913
536,665,0.85707
537,317,3.01829
537,394,1.3907
537,395,3.43879
537,535,2.93898
538,484,2.68313
538,544,6.11643
538,545,2.77512
538,547,2.5051
538,586,0.994019
539,308,2.82228
539,352,5.27342
539,469,2.12086
539,495,5.28146
539,497,0.649075
539,609,5.16238
539,610,1.83308
541,310,3.66449
541,320,6.07505
541,369,2.89067
541,441,1.31515
541,520,3.62821
542,509,0.557975
542,510,3.66483
542,521,6.085
542,533,0.790261
542,543,3.64622
542,586,4.91235
543,533,4.15142
543,542,3.64622
543,586,4.16924
544,302,1.55394
544,396,5.97214
544,484,4.25311
544,538,6.11643
544,586,4.41937
545,530,1.7583
545,538,2.77512
545,546,2.13163
545,547,5.04936
546,443,2.60449
546,530,3.27065
546,545,2.13163
547,462,2.70241
547,484,6.09325
547,530,5.005
547,538,2.5051
547,545,5.04936
548,303,9.04956
548,348,7.66239
548,387,1.0916
548,453,3.80284
551,430,2.12496
551,439,2.90955
551,485,7.92625
551,488,1.04652
551,489,7.04054
552,355,0.505801
552,430,3.7338
552,450,7.02705
552,483,4.08391
552,485,4.80507
553,392,5.19021
553,426,2.36556
553,488,7.51535
553,496,3.39442
554,378,3.03887
554,392,3.54967
554,401,2.78899
554,488,2.32624
554,491,0.260147
555,370,1.26823
555,406,4.30079
555,448,3.60082
555,556,5.00335
555,557,3.61235
556,338,2.37444
556,363,4.19846
556,370,5.27862
556,467,1.68129
556,555,5.00335
556,557,1.5318
556,562,0.347498
557,338,3.61001
557,372,3.85293
557,386,0
557,448,2.01998
557,451,4.19579
557,555,3.61235
557,556,1.5318
558,330,6.51522
558,386,0.846993
558,451,3.11491
558,500,2.7187
558,518,4.80713
561,303,2.95755
561,345,1.42178
561,422,1.81496
561,431,4.62396
561,453,1.84037
561,519,3.47533
562,336,2.70651
562,370,4.23156
562,467,7.19149
562,556,0.347498
562,686,3.80914
563,376,4.17347
563,394,4.08465
563,395,1.60566
563,409,3.49787
563,454,6.12101
564,332,7.68745
564,521,4.97128
564,524,3.1812
564,533,3.80617
566,309,3.17927
566,336,5.16179
566,467,1.59968
566,591,6.0945
567,405,3.43456
567,468,3.42816
567,504,1.70013
567,521,1.87447
567,522,3.11495
567,524,7.17974
567,534,2.13126
567,568,4.67226
568,299,5.68813
568,504,4.81218
568,515,1.56627
568,522,3.73567
568,567,4.67226
570,348,1.1462
570,387,4.72948
570,412,3.11807
570,482,6.35028
570,574,4.70724
570,639,3.55999
570,640,1.17003
574,412,2.8612
574,429,5.03906
574,434,10.8295
574,450,3.16738
574,492,0.455459
574,570,4.70724
574,639,3.40653
586,396,4.31475
586,509,7.43453
586,538,0.994019
586,542,4.91235
586,543,4.16924
586,544,4.41937
590,363,3.82739
590,417,3.01826
590,467,1.47082
590,591,6.05695
590,663,2.23871
591,467,3.78486
591,566,6.0945
591,590,6.05695
591,663,0.426919
594,318,2.35692
594,353,3.31303
594,359,8.9852
594,362,3.10934
594,483,0.179911
594,596,7.9824
594,597,4.95551
596,318,2.34988
596,594,7.9824
596,597,1.7294
596,639,2.8891
597,434,4.40421
597,483,1.149
597,594,4.95551
597,596,1.7294
597,639,3.53695
602,326,4.66128
602,331,6.05193
602,527,2.06192
602,684,5.9714
602,685,1.14733
602,686,3.10047
609,308,3.73921
609,356,1.85577
609,361,5.10303
609,539,5.16238
609,610,4.09594
610,323,2.87223
610,341,6.99994
610,361,2.62177
610,469,8.01398
610,515,4.38734
610,539,1.83308
610,609,4.09594
627,313,0.432507
627,366,4.22836
627,390,8.02481
627,628,4.89075
627,629,0.59056
627,630,6.6713
628,323,2.09548
628,341,7.27472
628,364,4.74126
628,390,3.69499
628,627,4.89075
628,629,3.83495
629,304,5.38125
629,323,8.04806
629,498,8.94496
629,515,2.6587
629,627,0.59056
629,628,3.83495
629,630,1.90618
630,304,6.24754
630,366,1.91997
630,479,4.33572
630,627,6.6713
630,629,1.90618
633,314,3.28842
633,356,1.14833
633,361,4.79456
633,364,7.91828
633,407,3.47889
633,490,2.03286
633,634,10.0149
634,314,2.05171
634,490,1.15358
634,633,10.0149
635,321,1.66764
635,371,6.81034
635,461,2.08353
635,636,4.59632
635,679,2.81044
636,635,4.59632
636,678,0.415056
636,679,4.16606
638,378,6.24701
638,401,4.58138
638,508,2.20995
638,527,1.97782
638,684,4.21829
638,685,0.959805
639,434,2.61038
639,570,3.55999
639,574,3.40653
639,596,2.8891
639,597,3.53695
639,640,2.995
640,482,1.16103
640,570,1.17003
640,639,2.995
641,387,2.62048
641,482,1.546
641,642,1.3383
642,345,0.96675
642,387,5.21966
642,641,1.3383
642,648,1.40696
642,655,4.47339
645,422,4.00433
645,477,3.43926
645,519,1.40011
645,649,0.833313
645,657,6.33274
645,658,0.603238
648,642,1.40696
648,655,7.08255
648,656,0.935762
648,657,1.1826
649,477,1.08937
649,645,0.833313
655,345,9.51665
655,519,3.42074
655,642,4.47339
655,648,7.08255
655,657,7.86365
656,648,0.935762
656,657,6.46785
656,658,1.01625
657,519,5.13288
657,645,6.33274
657,648,1.1826
657,655,7.86365
657,656,6.46785
657,658,2.53802
658,645,0.603238
658,656,1.01625
658,657,2.53802
659,318,4.62619
659,319,6.93931
659,344,5.51282
659,353,4.40376
659,389,2.77214
659,660,8.23554
660,659,8.23554
661,316,4.46905
661,379,0.412625
661,474,4.888
661,662,1.09131
662,417,4.02206
662,474,1.57018
662,661,1.09131
662,663,1.1607
663,417,4.10557
663,590,2.23871
663,591,0.426919
663,662,1.1607
664,440,6.49069
664,458,3.13344
664,465,2.59048
664,471,3.93281
664,536,4.62913
664,665,3.61091
665,471,0.886435
665,536,0.85707
665,664,3.61091
670,308,3.58579
670,321,4.24256
670,356,2.69034
670,495,3.77016
670,671,6.39349
670,674,7.52295
670,675,0.537598
670,679,1.4831
671,314,1.25188
671,356,2.62081
671,670,6.39349
671,675,0.973549
674,670,7.52295
674,675,2.84154
674,678,3.12078
674,679,4.90643
675,670,0.537598
675,671,0.973549
675,674,2.84154
678,636,0.415056
678,674,3.12078
678,679,5.00782
679,321,5.41631
679,635,2.81044
679,636,4.16606
679,670,1.4831
679,674,4.90643
679,678,5.00782
684,527,6.03177
684,602,5.9714
684,638,4.21829
684,685,6.19439
685,370,3.37328
685,383,2.30553
685,401,1.22701
685,402,2.92723
685,403,4.45558
685,406,0.963452
685,602,1.14733
685,638,0.959805
685,684,6.19439
685,686,10.7025
686,331,3.01657
686,334,4.98275
686,336,2.56816
686,370,5.32701
686,562,3.80914
686,602,3.10047
686,685,10.7025
