label, neighbor, wall area
21879,21956,6.44162
21879,22031,2.77959
21879,22245,3.31678
21879,22250,3.77982
21879,22255,3.10433
21879,22578,4.44424
21880,21948,3.78897
21880,21949,2.56108
21880,22041,5.62787
21880,22126,2.55338
21880,22247,6.19852
21880,22257,3.49463
21880,22391,2.09308
21881,22405,3.42906
21881,22410,3.77326
21881,22421,7.39512
21881,22423,3.77823
21881,22631,1.22995
21883,22040,4.43114
21883,22128,5.62062
21883,22252,2.86871
21883,22413,4.37895
21883,22414,0.200587
21883,22595,1.67597
21883,22599,3.51733
21883,22695,1.7346
21884,21959,7.47314
21884,22127,0.625436
21884,22268,5.9964
21884,22416,2.28309
21884,22430,3.52674
21884,22597,3.24652
21884,22676,2.4914
21885,22048,1.83541
21885,22049,3.31176
21885,22266,2.88407
21885,22429,5.10473
21885,22433,4.07012
21885,22641,1.04927
21885,22642,2.16596
21886,21966,5.85553
21886,21967,7.90933
21886,22141,7.91104
21886,22459,5.26925
21886,22621,9.39324
21889,21983,4.1875
21889,21988,6.14917
21889,22080,4.24498
21889,22153,5.66392
21889,22706,3.20208
21889,22713,7.67691
21893,21895,5.04
21893,22203,4.04404
21893,22208,2.41127
21893,22324,3.99861
21893,22551,3.74402
21893,22664,7.51391
21895,21893,5.04
21895,22103,7.54941
21895,22203,4.4958
21895,22208,4.96828
21895,22550,0.738168
21898,22026,6.0724
21898,22216,6.01459
21898,22373,1.65839
21898,22568,2.49175
21898,22571,6.45456
21898,22674,4.07602
21900,22023,5.05008
21900,22113,4.41266
21900,22220,5.42229
21900,22375,3.13489
21900,22383,4.93132
21900,22635,0.865434
21901,21949,5.21626
21901,22115,7.1094
21901,22230,6.86458
21901,22565,5.22767
21902,21940,2.22175
21902,22115,3.8233
21902,22379,6.79607
21902,22567,4.81703
21902,22577,5.1321
21903,22244,2.57985
21903,22254,6.11751
21903,22400,7.83568
21903,22425,9.97985
21905,22047,6.61614
21905,22126,2.20128
21905,22257,1.46702
21905,22429,4.8925
21905,22432,3.27409
21905,22601,2.82254
21906,22262,3.9254
21906,22267,4.58216
21906,22425,6.50308
21906,22436,1.72911
21906,22441,9.73874
21907,22134,2.55594
21907,22442,3.46414
21907,22598,6.85123
21907,22628,3.92997
21907,22629,0.7542
21907,22667,0.659147
21907,22668,2.19525
21908,21965,2.75669
21908,22264,4.74944
21908,22267,5.87973
21908,22436,4.9002
21908,22442,8.25702
21908,22453,3.96076
21908,22598,4.50529
21912,21915,6.67319
21912,22280,6.47356
21912,22467,2.09637
21912,22473,5.82903
21912,22475,12.4073
21912,22623,2.22934
21913,21915,5.83813
21913,21916,8.02248
21913,22064,6.05799
21913,22282,6.65144
21913,22473,2.64747
21913,22477,7.32685
21913,22623,5.10879
21914,21915,9.91313
21914,21916,3.9492
21914,22475,6.98491
21914,22484,7.14928
21915,21912,6.67319
21915,21913,5.83813
21915,21914,9.91313
21915,21916,3.51174
21915,22475,0.728861
21915,22623,8.08611
21916,21913,8.02248
21916,21914,3.9492
21916,21915,3.51174
21916,21972,4.17457
21916,22063,3.52488
21916,22064,5.50397
21916,22287,5.81564
21916,22483,6.60506
21916,22484,9.69844
21923,22155,2.59684
21923,22511,2.77869
21923,22515,8.14588
21923,22710,6.70785
21923,22716,5.12481
21925,22002,3.8577
21925,22168,4.608
21925,22524,1.1159
21925,22527,5.90156
21925,22540,6.98025
21928,22095,3.60799
21928,22318,3.93668
21928,22533,2.18404
21928,22534,4.27824
21928,22539,3.59807
21928,22665,2.31567
21928,22666,3.09246
21931,22097,0.567501
21931,22341,1.79641
21931,22347,2.57142
21931,44107,6.51776
21931,44108,2.83075
21932,22183,2.03594
21932,22184,5.62321
21932,22203,2.77878
21932,22324,1.66621
21932,22330,5.81799
21932,22348,2.92033
21932,22550,4.37249
21934,22348,5.20534
21934,22354,8.11747
21934,22364,3.86589
21934,22559,3.29223
21934,22562,3.80908
21936,22223,4.86248
21936,22658,4.9737
21936,22675,4.83701
21936,22681,1.61311
21936,22687,2.09451
21936,22688,2.42665
21939,21940,4.33994
21939,22012,7.35475
21939,22019,3.54544
21939,22213,3.67479
21939,22565,5.21502
21939,22567,5.18906
21940,21902,2.22175
21940,21939,4.33994
21940,22213,5.40229
21940,22365,7.74863
21940,22379,4.6389
21940,22567,3.39954
21940,22574,0.553233
21942,22022,5.20925
21942,22365,5.31379
21942,22574,7.06377
21942,22575,3.57739
21943,21944,4.64535
21943,22020,0.125409
21943,22021,1.6101
21943,22221,5.60936
21943,22376,5.3479
21943,22384,3.01655
21943,22696,2.75649
21944,21943,4.64535
21944,22021,4.96273
21944,22109,2.57334
21944,22232,3.1184
21944,22384,2.55054
21944,22385,3.01991
21948,21880,3.78897
21948,21949,8.07595
21948,22229,2.12583
21948,22230,3.79878
21948,22391,7.62268
21949,21880,2.56108
21949,21901,5.21626
21949,21948,8.07595
21949,22041,4.50108
21949,22115,1.71134
21949,22230,0.828906
21949,22580,6.94546
21950,22033,1.61162
21950,22036,2.38533
21950,22382,5.69178
21950,22388,4.91099
21950,22393,5.03765
21950,22394,6.01298
21950,22569,1.2238
21950,22646,0.385222
21952,21953,4.91705
21952,22249,2.29709
21952,22381,4.10731
21952,22404,2.79712
21952,22649,7.10064
21953,21952,4.91705
21953,21955,1.4388
21953,22240,4.86028
21953,22381,1.52586
21953,22404,3.77244
21953,22584,4.0218
21955,21953,1.4388
21955,22124,6.06383
21955,22259,2.26866
21955,22404,4.60063
21955,22412,0.6063
21955,22418,4.11312
21955,22584,4.86728
21956,21879,6.44162
21956,22250,1.58336
21956,22254,4.09125
21956,22255,2.44136
21956,22419,5.49949
21956,22420,3.7267
21959,21884,7.47314
21959,22253,1.20324
21959,22258,3.04344
21959,22416,3.3249
21959,22588,5.48146
21959,22597,0.383548
21963,22053,9.01313
21963,22261,3.59113
21963,22451,11.6463
21963,22465,8.09099
21963,22606,2.91657
21965,21908,2.75669
21965,22436,6.05162
21965,22441,4.19872
21965,22453,6.68151
21966,21886,5.85553
21966,22134,2.77841
21966,22279,9.73932
21966,22457,6.27597
21966,22458,6.68039
21966,22459,4.99586
21966,22621,1.04727
21967,21886,7.90933
21967,22141,1.05478
21967,22455,5.73353
21967,22459,5.89272
21967,22470,7.55285
21968,22136,7.08324
21968,22276,7.28543
21968,22466,4.18161
21968,22467,7.44679
21968,22473,8.94602
21972,21916,4.17457
21972,22285,1.98261
21972,22287,8.72137
21972,22482,10.6581
21972,22483,5.16214
21980,21990,3.88954
21980,22079,1.95668
21980,22148,6.8342
21980,22151,5.52936
21980,22305,6.18834
21980,22508,7.50233
21980,22697,0.416434
21983,21889,4.1875
21983,21988,6.36331
21983,22160,6.42619
21983,22167,0.603266
21983,22705,4.26395
21983,22706,3.7272
21987,22165,2.44012
21987,22305,7.1261
21987,22308,3.30186
21987,22508,6.26925
21987,22513,6.16642
21988,21889,6.14917
21988,21983,6.36331
21988,22080,8.03297
21988,22087,5.38814
21988,22167,4.12692
21990,21980,3.88954
21990,22079,3.87819
21990,22151,8.63758
21990,22157,4.30141
21990,22164,3.39026
21990,22525,4.46715
21990,22677,2.41111
21991,21994,6.66211
21991,22156,3.07924
21991,22160,5.21814
21991,22310,0.115593
21991,22518,6.79644
21991,22532,3.39955
21991,22533,0.407214
21992,21997,6.17792
21992,22155,7.74707
21992,22157,3.05664
21992,22173,6.35933
21992,22515,2.66637
21992,22525,4.63881
21992,22529,3.13896
21993,22171,5.72905
21993,22173,9.34848
21993,22315,5.49864
21993,22321,2.86775
21993,22511,2.33411
21993,22515,5.09028
21994,21991,6.66211
21994,22160,1.09565
21994,22533,4.99328
21994,22534,5.33703
21997,21992,6.17792
21997,22180,1.03998
21997,22183,1.14048
21997,22184,7.01054
21997,22525,2.54206
21997,22529,3.00982
21997,22661,2.6647
21999,22175,0.908983
21999,22180,2.58382
21999,22185,2.18881
21999,22324,1.7961
21999,22661,2.68765
21999,22663,7.03735
21999,22678,5.32702
22000,22001,2.00729
22000,22090,4.55217
22000,22093,3.63824
22000,22176,3.64986
22000,22194,1.0084
22000,22310,1.83514
22000,22543,2.14159
22001,22000,2.00729
22001,22093,6.5617
22001,22310,1.84833
22001,22317,4.82798
22001,22532,2.36417
22001,22545,3.24871
22002,21925,3.8577
22002,22196,1.67206
22002,22326,4.0073
22002,22527,1.78667
22002,22535,5.22524
22002,22540,4.15563
22002,22652,3.3733
22002,22653,1.76006
22004,22007,3.59339
22004,22187,5.20092
22004,22200,4.79674
22004,22311,3.62583
22004,22319,4.37576
22004,22337,1.10631
22007,22004,3.59339
22007,22200,7.72018
22007,22356,4.72323
22011,22102,1.35413
22011,22200,5.19749
22011,22337,5.91984
22011,22356,5.93454
22011,22361,11.6868
22011,22650,2.28635
22012,21939,7.35475
22012,22019,2.08587
22012,22208,3.85231
22012,22213,2.84534
22012,22335,1.70992
22012,22349,4.57945
22012,22551,10.7155
22014,22018,5.24148
22014,22367,2.22472
22016,22021,3.79515
22016,22212,3.79738
22016,22221,2.8148
22016,22347,3.17364
22016,22553,2.59595
22016,22556,6.35864
22018,22014,5.24148
22018,22023,6.82687
22018,22220,5.62923
22018,22367,3.9895
22019,21939,3.54544
22019,22012,2.08587
22019,22103,5.06858
22019,22208,6.54004
22019,22230,5.19023
22019,22565,5.49863
22020,21943,0.125409
22020,22211,4.31074
22020,22221,4.40069
22020,22370,2.42696
22020,22376,3.26047
22020,22636,3.5667
22021,21943,1.6101
22021,21944,4.96273
22021,22016,3.79515
22021,22109,3.4642
22021,22212,3.74651
22021,22221,4.76718
22022,21942,5.20925
22022,22104,4.06079
22022,22210,5.98316
22022,22365,2.95668
22022,22373,5.99987
22022,22575,1.23904
22023,21900,5.05008
22023,22018,6.82687
22023,22220,2.03522
22023,22367,3.93718
22023,22375,4.1228
22026,21898,6.0724
22026,22239,5.91767
22026,22240,4.22633
22026,22381,2.51335
22026,22568,7.10716
22026,22571,1.54561
22028,22382,6.52279
22028,22394,3.15453
22028,22563,4.11288
22029,22116,4.79937
22029,22244,3.77596
22029,22374,1.87876
22029,22383,4.46914
22029,22400,5.04455
22029,22570,5.37458
22031,21879,2.77959
22031,22113,5.95477
22031,22250,7.66058
22031,22383,3.89817
22031,22400,2.92569
22031,22578,4.90873
22032,22038,3.2267
22032,22238,2.16486
22032,22239,3.78831
22032,22240,3.88477
22032,22412,2.89767
22032,22584,5.91707
22033,21950,1.61162
22033,22036,3.10303
22033,22039,6.02493
22033,22249,5.47085
22033,22393,6.46812
22033,22649,0.594811
22034,22037,2.46901
22034,22236,4.88248
22034,22241,2.52325
22034,22242,4.31102
22034,22582,4.68638
22035,22038,8.16894
22035,22127,0.150135
22035,22237,4.38592
22035,22238,1.75545
22035,22253,0.64106
22035,22416,3.52434
22035,22583,5.48746
22036,21950,2.38533
22036,22033,3.10303
22036,22039,5.69674
22036,22394,4.3458
22037,22034,2.46901
22037,22242,1.93444
22037,22252,4.92173
22037,22411,4.50809
22037,22413,4.54551
22037,22582,2.82079
22038,22032,3.2267
22038,22035,8.16894
22038,22127,4.12751
22038,22238,5.48868
22038,22412,4.76544
22038,22417,2.60365
22039,22033,6.02493
22039,22036,5.69674
22039,22249,2.03158
22039,22435,0.338741
22039,22589,2.8742
22039,22593,4.43059
22040,21883,4.43114
22040,22246,2.45737
22040,22247,4.19714
22040,22252,2.92226
22040,22395,5.58007
22040,22414,7.68708
22041,21880,5.62787
22041,21949,4.50108
22041,22048,4.03972
22041,22257,4.30633
22041,22580,0.562798
22041,22587,8.24504
22047,21905,6.61614
22047,22126,2.47482
22047,22128,1.21724
22047,22414,5.57538
22047,22601,2.14912
22047,22694,3.30933
22048,21885,1.83541
22048,22041,4.03972
22048,22049,5.78553
22048,22257,5.11795
22048,22429,4.04076
22048,22587,1.14875
22049,21885,3.31176
22049,22048,5.78553
22049,22256,2.21348
22049,22258,3.7211
22049,22266,2.27331
22049,22587,4.57802
22049,22597,2.44023
22050,22423,4.28745
22050,22428,3.49289
22050,22595,2.3698
22050,22627,4.28881
22050,22667,1.01056
22050,22668,3.37146
22053,21963,9.01313
22053,22261,8.37049
22053,22435,7.71975
22053,22589,4.83567
22053,22593,10.161
22054,22132,2.74441
22054,22135,3.93747
22054,22428,7.17783
22054,22599,5.82027
22054,22608,4.47202
22055,22260,1.45537
22055,22269,2.58735
22055,22602,4.24847
22055,22609,3.19997
22055,22610,4.99404
22055,22676,5.56465
22058,22271,3.79958
22058,22278,2.69201
22058,22456,9.06888
22058,22462,3.80675
22058,22471,8.11551
22058,22611,2.19273
22059,22136,6.96159
22059,22271,2.23729
22059,22272,2.08838
22059,22462,4.73437
22059,22466,7.34767
22062,22141,3.33187
22062,22275,8.35793
22062,22278,6.747
22062,22460,3.60444
22062,22470,7.27832
22062,22625,6.57662
22063,21916,3.52488
22063,22064,4.14422
22063,22284,7.59748
22063,22285,0.276635
22063,22287,8.03772
22063,22481,7.46566
22063,22625,0.322866
22064,21913,6.05799
22064,21916,5.50397
22064,22063,4.14422
22064,22477,8.10164
22064,22481,4.80634
22079,21980,1.95668
22079,21990,3.87819
22079,22164,6.45583
22079,22308,3.12442
22079,22508,5.23825
22080,21889,4.24498
22080,21988,8.03297
22080,22087,3.3311
22080,22153,4.56202
22080,22509,3.28482
22080,22527,10.9608
22080,22535,2.06716
22083,22086,2.15122
22083,22165,3.12244
22083,22176,4.18438
22083,22310,3.5749
22083,22513,7.60178
22083,22518,3.21941
22086,22083,2.15122
22086,22089,3.82062
22086,22090,4.08921
22086,22165,5.34597
22086,22175,1.3771
22086,22176,2.67958
22086,22308,3.5134
22087,21988,5.38814
22087,22080,3.3311
22087,22167,3.14151
22087,22535,4.74839
22087,22659,1.28999
22087,22660,4.82754
22089,22086,3.82062
22089,22090,3.60999
22089,22175,5.71098
22089,22185,2.70902
22089,22186,6.62755
22089,22543,1.27553
22090,22000,4.55217
22090,22086,4.08921
22090,22089,3.60999
22090,22176,3.27917
22090,22543,3.16437
22093,22000,3.63824
22093,22001,6.5617
22093,22194,5.40439
22093,22545,2.835
22093,22547,5.34132
22095,21928,3.60799
22095,22318,4.97948
22095,22326,2.91366
22095,22666,2.25159
22095,22692,4.72809
22096,22097,3.83749
22096,22193,2.21927
22096,22321,4.70983
22096,22343,7.783
22096,22538,3.71836
22096,22662,2.32778
22097,21931,0.567501
22097,22096,3.83749
22097,22343,3.02292
22097,22347,7.21038
22097,22538,3.40965
22097,22553,3.74542
22097,44107,3.49324
22098,22193,5.63266
22098,22330,3.38644
22098,22343,5.44992
22098,22348,8.64617
22098,22360,2.1
22098,22559,2.977
22099,22211,4.34615
22099,22341,3.57391
22099,22359,2.04073
22099,22556,4.65352
22100,22104,4.39637
22100,22198,6.09469
22100,22210,7.04925
22100,22355,2.52535
22100,22545,3.62231
22100,22547,2.30382
22102,22011,1.35413
22102,22217,1.22373
22102,22361,2.51175
22102,22647,2.21841
22102,22650,3.15078
22102,22658,5.41436
22102,22682,1.62509
22102,22683,2.20592
22103,21895,7.54941
22103,22019,5.06858
22103,22107,5.52042
22103,22208,2.63327
22103,22230,0.580355
22103,22354,3.40298
22103,22364,3.71756
22103,22550,3.65835
22104,22022,4.06079
22104,22100,4.39637
22104,22210,3.62501
22104,22216,6.95764
22104,22355,2.90355
22104,22373,0.806774
22107,22103,5.52042
22107,22228,3.25723
22107,22229,7.61517
22107,22230,1.30443
22107,22364,7.8062
22109,21944,2.57334
22109,22021,3.4642
22109,22212,6.68833
22109,22232,5.44708
22109,22377,2.9322
22109,22561,4.56797
22111,22118,3.97521
22111,22377,6.0689
22111,22386,4.49219
22111,22561,7.8849
22111,22562,5.7288
22113,21900,4.41266
22113,22031,5.95477
22113,22383,2.72011
22113,22578,2.07855
22113,22635,6.07951
22115,21901,7.1094
22115,21902,3.8233
22115,21949,1.71134
22115,22565,1.16171
22115,22567,3.92569
22115,22577,3.63021
22115,22580,5.14241
22116,22029,4.79937
22116,22244,9.61129
22116,22374,8.67485
22117,22245,4.17538
22117,22578,2.81006
22117,22631,3.06746
22117,22632,2.1415
22117,22633,2.13994
22117,22696,4.71306
22118,22111,3.97521
22118,22242,6.79212
22118,22246,3.32789
22118,22377,0.690052
22118,22386,6.84869
22118,22395,3.67962
22121,22122,5.00364
22121,22256,6.27448
22121,22397,1.7175
22121,22577,4.05187
22121,22580,2.30255
22121,22587,3.49786
22121,22588,0.447332
22122,22121,5.00364
22122,22253,4.4575
22122,22397,4.79465
22122,22399,2.86911
22122,22588,5.81826
22124,21955,6.06383
22124,22259,3.47846
22124,22261,2.67943
22124,22404,2.31009
22124,22589,4.91051
22126,21880,2.55338
22126,21905,2.20128
22126,22047,2.47482
22126,22247,4.1182
22126,22257,7.61269
22126,22414,5.75654
22127,21884,0.625436
22127,22035,0.150135
22127,22038,4.12751
22127,22260,3.11085
22127,22416,9.42146
22127,22417,3.67893
22127,22676,5.82371
22128,21883,5.62062
22128,22047,1.21724
22128,22414,5.0309
22128,22694,4.15997
22128,22695,0.91648
22130,22259,5.4427
22130,22418,0.313392
22130,22424,5.97775
22130,22440,3.3174
22130,22602,4.24365
22130,22606,7.96455
22132,22054,2.74441
22132,22437,2.46307
22132,22599,2.58471
22132,22608,6.77064
22132,22638,1.58037
22132,22640,0.865872
22132,22695,3.07482
22134,21907,2.55594
22134,21966,2.77841
22134,22135,2.04051
22134,22442,4.86262
22134,22457,5.53568
22134,22458,7.20676
22134,22628,8.78219
22135,22054,3.93747
22135,22134,2.04051
22135,22428,1.32229
22135,22455,3.96439
22135,22457,5.33063
22135,22459,5.82693
22135,22608,3.2639
22135,22628,3.6655
22135,22629,3.864
22136,21968,7.08324
22136,22059,6.96159
22136,22272,4.79095
22136,22276,4.31665
22136,22466,4.81161
22136,22609,9.4547
22137,22279,7.09937
22137,22281,2.94189
22137,22453,3.67247
22137,22458,5.83829
22138,22280,3.98891
22138,22465,7.35656
22138,22475,5.05386
22140,22141,6.95485
22140,22284,2.58431
22140,22285,6.60509
22140,22476,9.24063
22140,22621,7.92419
22141,21886,7.91104
22141,21967,1.05478
22141,22062,3.33187
22141,22140,6.95485
22141,22284,6.60917
22141,22470,8.78407
22141,22621,0.390412
22141,22625,5.5039
22148,21980,6.8342
22148,22305,3.10392
22148,22697,7.84518
22148,22699,6.84513
22148,22701,5.07813
22151,21980,5.52936
22151,21990,8.63758
22151,22157,6.91417
22151,22493,5.60959
22151,22697,6.79262
22152,22156,11.7422
22152,22305,4.66131
22152,22513,7.25547
22152,22702,6.38647
22152,22704,4.17506
22153,21889,5.66392
22153,22080,4.56202
22153,22509,7.52219
22153,22713,3.05863
22155,21923,2.59684
22155,21992,7.74707
22155,22157,9.16503
22155,22493,4.33615
22155,22515,4.58979
22155,22710,6.57637
22156,21991,3.07924
22156,22152,11.7422
22156,22160,6.10825
22156,22513,0.226725
22156,22518,2.44395
22156,22704,2.51634
22156,22705,3.43712
22157,21990,4.30141
22157,21992,3.05664
22157,22151,6.91417
22157,22155,9.16503
22157,22493,2.2631
22157,22525,6.1558
22160,21983,6.42619
22160,21991,5.21814
22160,21994,1.09565
22160,22156,6.10825
22160,22167,4.72124
22160,22534,1.09416
22160,22705,2.91052
22163,22168,4.3823
22163,22311,2.7752
22163,22509,3.7322
22163,22524,4.46883
22164,21990,3.39026
22164,22079,6.45583
22164,22175,1.60278
22164,22308,2.95196
22164,22677,3.15229
22164,22678,2.83457
22165,21987,2.44012
22165,22083,3.12244
22165,22086,5.34597
22165,22308,3.66753
22165,22513,2.81037
22167,21983,0.603266
22167,21988,4.12692
22167,22087,3.14151
22167,22160,4.72124
22167,22534,5.21695
22167,22660,2.68355
22168,21925,4.608
22168,22163,4.3823
22168,22311,3.46219
22168,22319,6.16755
22168,22524,7.02165
22168,22540,0.162787
22171,21993,5.72905
22171,22315,6.19164
22171,22511,3.2269
22171,22538,3.66438
22171,44106,7.50646
22171,44107,0.488953
22171,44109,5.86083
22173,21992,6.35933
22173,21993,9.34848
22173,22321,1.73799
22173,22515,3.7562
22173,22529,8.37053
22175,21999,0.908983
22175,22086,1.3771
22175,22089,5.71098
22175,22164,1.60278
22175,22185,3.5028
22175,22308,5.64705
22175,22678,6.13655
22176,22000,3.64986
22176,22083,4.18438
22176,22086,2.67958
22176,22090,3.27917
22176,22310,5.02642
22180,21997,1.03998
22180,21999,2.58382
22180,22184,5.56003
22180,22324,5.96229
22180,22661,5.48472
22183,21932,2.03594
22183,21997,1.14048
22183,22184,3.19503
22183,22193,2.22123
22183,22321,0.833463
22183,22330,3.89463
22183,22529,8.59011
22183,22662,4.63011
22184,21932,5.62321
22184,21997,7.01054
22184,22180,5.56003
22184,22183,3.19503
22184,22324,2.05352
22185,21999,2.18881
22185,22089,2.70902
22185,22175,3.5028
22185,22186,2.23935
22185,22541,5.61799
22185,22663,2.02592
22185,22664,2.76616
22186,22089,6.62755
22186,22185,2.23935
22186,22541,4.15761
22186,22543,4.44767
22186,22544,0.918665
22187,22004,5.20092
22187,22196,3.97213
22187,22319,4.70083
22187,22337,1.7637
22187,22540,3.31252
22193,22096,2.21927
22193,22098,5.63266
22193,22183,2.22123
22193,22330,3.1769
22193,22343,1.99236
22193,22662,8.30625
22194,22000,1.0084
22194,22093,5.40439
22194,22335,5.63886
22194,22543,6.49905
22194,22544,1.35182
22194,22547,5.23578
22196,22002,1.67206
22196,22187,3.97213
22196,22337,3.63453
22196,22540,4.74079
22196,22651,4.29069
22196,22652,1.44182
22198,22100,6.09469
22198,22331,5.22041
22198,22346,4.11057
22198,22355,4.84399
22198,22545,2.5271
22198,22665,0.90263
22198,22666,2.67722
22200,22004,4.79674
22200,22007,7.72018
22200,22011,5.19749
22200,22337,8.69433
22200,22356,3.61371
22203,21893,4.04404
22203,21895,4.4958
22203,21932,2.77878
22203,22324,4.72615
22203,22550,7.81863
22204,22210,2.52642
22204,22335,4.14028
22204,22349,4.17771
22204,22547,6.8426
22204,22558,6.63305
22208,21893,2.41127
22208,21895,4.96828
22208,22012,3.85231
22208,22019,6.54004
22208,22103,2.63327
22208,22551,4.18488
22210,22022,5.98316
22210,22100,7.04925
22210,22104,3.62501
22210,22204,2.52642
22210,22365,1.12387
22210,22547,3.44621
22210,22558,4.67516
22211,22020,4.31074
22211,22099,4.34615
22211,22221,2.57522
22211,22359,3.72817
22211,22556,4.23578
22211,22636,2.208
22212,22016,3.79738
22212,22021,3.74651
22212,22109,6.68833
22212,22360,6.27507
22212,22553,5.93071
22212,22561,1.13307
22213,21939,3.67479
22213,21940,5.40229
22213,22012,2.84534
22213,22349,6.51082
22213,22365,0.787743
22213,22558,3.85882
22216,21898,6.01459
22216,22104,6.95764
22216,22355,4.18764
22216,22373,4.31684
22216,22674,2.4474
22217,22102,1.22373
22217,22645,3.29179
22217,22647,6.51445
22217,22658,3.00993
22217,22680,5.65259
22220,21900,5.42229
22220,22018,5.62923
22220,22023,2.03522
22220,22383,2.06754
22220,22570,8.52183
22221,21943,5.60936
22221,22016,2.8148
22221,22020,4.40069
22221,22021,4.76718
22221,22211,2.57522
22221,22556,1.53768
22223,21936,4.86248
22223,22568,8.26764
22223,22669,2.08421
22223,22675,2.67981
22223,22681,7.47406
22228,22107,3.25723
22228,22229,3.96174
22228,22233,3.79531
22228,22364,5.21243
22228,22391,1.89967
22228,22562,4.46881
22228,22573,6.09993
22229,21948,2.12583
22229,22107,7.61517
22229,22228,3.96174
22229,22230,8.37891
22229,22391,4.03553
22230,21901,6.86458
22230,21948,3.79878
22230,21949,0.828906
22230,22019,5.19023
22230,22103,0.580355
22230,22107,1.30443
22230,22229,8.37891
22230,22565,2.05686
22232,21944,3.1184
22232,22109,5.44708
22232,22236,5.08202
22232,22377,5.60742
22232,22385,3.51635
22233,22228,3.79531
22233,22247,1.83173
22233,22391,6.39585
22233,22395,5.6888
22233,22573,5.55291
22235,22237,3.37714
22235,22379,4.45572
22235,22397,1.73518
22235,22399,7.66261
22235,22574,6.663
22236,22034,4.88248
22236,22232,5.08202
22236,22241,3.20402
22236,22242,4.60217
22236,22377,0.101721
22236,22385,2.73404
22237,22035,4.38592
22237,22235,3.37714
22237,22238,3.51578
22237,22399,2.95698
22237,22574,0.991682
22237,22575,7.43357
22237,22583,4.00215
22238,22032,2.16486
22238,22035,1.75545
22238,22038,5.48868
22238,22237,3.51578
22238,22239,6.84178
22238,22571,4.82832
22238,22575,0.515668
22239,22026,5.91767
22239,22032,3.78831
22239,22238,6.84178
22239,22240,2.66167
22239,22571,3.28724
22240,21953,4.86028
22240,22026,4.22633
22240,22032,3.88477
22240,22239,2.66167
22240,22381,4.3028
22240,22584,0.939742
22241,22034,2.52325
22241,22236,3.20402
22241,22384,4.26266
22241,22385,3.95702
22241,22405,5.44519
22241,22582,4.50682
22242,22034,4.31102
22242,22037,1.93444
22242,22118,6.79212
22242,22236,4.60217
22242,22246,2.56402
22242,22252,2.09257
22242,22377,4.86167
22244,21903,2.57985
22244,22029,3.77596
22244,22116,9.61129
22244,22400,6.19611
22245,21879,3.31678
22245,22117,4.17538
22245,22255,5.10205
22245,22578,2.73443
22245,22631,3.97206
22246,22040,2.45737
22246,22118,3.32789
22246,22242,2.56402
22246,22252,7.84451
22246,22395,4.47195
22247,21880,6.19852
22247,22040,4.19714
22247,22126,4.1182
22247,22233,1.83173
22247,22391,4.32278
22247,22395,4.65231
22247,22414,2.84369
22249,21952,2.29709
22249,22033,5.47085
22249,22039,2.03158
22249,22404,4.63209
22249,22589,8.45318
22249,22649,3.35076
22250,21879,3.77982
22250,21956,1.58336
22250,22031,7.66058
22250,22254,9.79905
22250,22400,5.03567
22252,21883,2.86871
22252,22037,4.92173
22252,22040,2.92226
22252,22242,2.09257
22252,22246,7.84451
22252,22413,4.554
22253,21959,1.20324
22253,22035,0.64106
22253,22122,4.4575
22253,22399,3.29137
22253,22416,7.13937
22253,22583,5.71325
22253,22588,3.76366
22254,21903,6.11751
22254,21956,4.09125
22254,22250,9.79905
22254,22400,0.337185
22254,22419,3.69437
22254,22425,3.88219
22255,21879,3.10433
22255,21956,2.44136
22255,22245,5.10205
22255,22420,6.34095
22255,22421,2.93509
22255,22631,3.20687
22256,22049,2.21348
22256,22121,6.27448
22256,22258,5.55984
22256,22587,4.3105
22256,22588,4.38496
22257,21880,3.49463
22257,21905,1.46702
22257,22041,4.30633
22257,22048,5.11795
22257,22126,7.61269
22257,22429,2.15005
22258,21959,3.04344
22258,22049,3.7211
22258,22256,5.55984
22258,22588,1.87311
22258,22597,7.24997
22259,21955,2.26866
22259,22124,3.47846
22259,22130,5.4427
22259,22261,7.09033
22259,22418,5.81571
22259,22606,1.4057
22260,22055,1.45537
22260,22127,3.11085
22260,22417,4.88021
22260,22424,1.63715
22260,22602,5.77345
22260,22676,4.51477
22261,21963,3.59113
22261,22053,8.37049
22261,22124,2.67943
22261,22259,7.09033
22261,22589,2.4784
22261,22606,6.96477
22262,21906,3.9254
22262,22267,3.55704
22262,22419,9.05679
22262,22425,9.63828
22264,21908,4.74944
22264,22267,4.18841
22264,22419,4.95184
22264,22420,7.65128
22264,22421,2.45112
22264,22598,3.9242
22266,21885,2.88407
22266,22049,2.27331
22266,22430,2.68468
22266,22597,3.48176
22266,22642,6.03826
22266,22643,0.744974
22267,21906,4.58216
22267,21908,5.87973
22267,22262,3.55704
22267,22264,4.18841
22267,22419,4.12536
22267,22436,9.00974
22268,21884,5.9964
22268,22269,6.40159
22268,22430,2.77053
22268,22439,3.10512
22268,22643,1.10752
22268,22676,2.46617
22269,22055,2.58735
22269,22268,6.40159
22269,22272,2.57321
22269,22439,1.19552
22269,22609,5.26198
22269,22676,2.31303
22271,22058,3.79958
22271,22059,2.23729
22271,22272,4.60812
22271,22438,1.93805
22271,22439,1.16716
22271,22462,6.66292
22271,22611,5.69015
22272,22059,2.08838
22272,22136,4.79095
22272,22269,2.57321
22272,22271,4.60812
22272,22439,7.07328
22272,22609,3.16698
22275,22062,8.35793
22275,22278,5.95902
22275,22447,4.2828
22275,22448,6.58033
22275,22460,3.6917
22276,21968,7.28543
22276,22136,4.31665
22276,22440,0.186323
22276,22450,7.22967
22276,22467,3.51964
22276,22609,1.69486
22276,22610,8.06031
22278,22058,2.69201
22278,22062,6.747
22278,22275,5.95902
22278,22448,0.411753
22278,22456,8.68985
22278,22471,4.16494
22278,22622,6.95313
22278,22625,4.30058
22279,21966,9.73932
22279,22137,7.09937
22279,22281,3.71753
22279,22458,7.81257
22279,22621,6.22765
22280,21912,6.47356
22280,22138,3.98891
22280,22464,1.90548
22280,22465,7.48999
22280,22467,8.64501
22280,22475,2.92083
22281,22137,2.94189
22281,22279,3.71753
22281,22476,7.16038
22281,22621,8.43843
22282,21913,6.65144
22282,22466,10.4384
22282,22471,7.37945
22282,22473,8.19307
22282,22477,5.08712
22284,22063,7.59748
22284,22140,2.58431
22284,22141,6.60917
22284,22285,9.9948
22284,22625,8.6219
22285,21972,1.98261
22285,22063,0.276635
22285,22140,6.60509
22285,22284,9.9948
22285,22287,5.94929
22285,22476,1.72467
22285,22482,6.35213
22287,21916,5.81564
22287,21972,8.72137
22287,22063,8.03772
22287,22285,5.94929
22305,21980,6.18834
22305,21987,7.1261
22305,22148,3.10392
22305,22152,4.66131
22305,22508,2.87036
22305,22513,3.13769
22305,22701,4.09927
22305,22702,7.71645
22308,21987,3.30186
22308,22079,3.12442
22308,22086,3.5134
22308,22164,2.95196
22308,22165,3.66753
22308,22175,5.64705
22308,22508,2.35274
22310,21991,0.115593
22310,22000,1.83514
22310,22001,1.84833
22310,22083,3.5749
22310,22176,5.02642
22310,22518,4.11391
22310,22532,7.74641
22311,22004,3.62583
22311,22163,2.7752
22311,22168,3.46219
22311,22319,5.69924
22315,21993,5.49864
22315,22171,6.19164
22315,22321,7.35047
22315,22538,3.12299
22317,22001,4.82798
22317,22532,4.7259
22317,22533,3.9355
22317,22539,5.86239
22317,22545,1.74951
22318,21928,3.93668
22318,22095,4.97948
22318,22326,1.71636
22318,22534,0.34417
22318,22659,5.56903
22318,22660,3.50492
22319,22004,4.37576
22319,22168,6.16755
22319,22187,4.70083
22319,22311,5.69924
22319,22540,2.94956
22321,21993,2.86775
22321,22096,4.70983
22321,22173,1.73799
22321,22183,0.833463
22321,22315,7.35047
22321,22529,0.490384
22321,22538,2.38983
22321,22662,7.16258
22324,21893,3.99861
22324,21932,1.66621
22324,21999,1.7961
22324,22180,5.96229
22324,22184,2.05352
22324,22203,4.72615
22324,22663,3.25639
22324,22664,1.86599
22326,22002,4.0073
22326,22095,2.91366
22326,22318,1.71636
22326,22535,1.79217
22326,22653,3.49633
22326,22659,1.1032
22326,22692,2.24881
22330,21932,5.81799
22330,22098,3.38644
22330,22183,3.89463
22330,22193,3.1769
22330,22348,2.39241
22331,22198,5.22041
22331,22539,1.8397
22331,22545,4.6298
22331,22665,4.70985
22335,22012,1.70992
22335,22194,5.63886
22335,22204,4.14028
22335,22349,4.65575
22335,22544,6.47461
22335,22547,0.182268
22335,22551,0.674914
22337,22004,1.10631
22337,22011,5.91984
22337,22187,1.7637
22337,22196,3.63453
22337,22200,8.69433
22337,22650,4.70692
22337,22651,4.55384
22341,21931,1.79641
22341,22099,3.57391
22341,22347,5.60407
22341,22556,3.00434
22343,22096,7.783
22343,22097,3.02292
22343,22098,5.44992
22343,22193,1.99236
22343,22360,6.34842
22343,22553,3.68496
22346,22198,4.11057
22346,22355,5.95103
22346,22666,1.86316
22346,22675,2.11555
22346,22688,1.46874
22346,22690,5.87852
22347,21931,2.57142
22347,22016,3.17364
22347,22097,7.21038
22347,22341,5.60407
22347,22553,3.85162
22347,22556,2.17897
22348,21932,2.92033
22348,21934,5.20534
22348,22098,8.64617
22348,22330,2.39241
22348,22354,2.41801
22348,22550,2.41393
22348,22559,4.77841
22349,22012,4.57945
22349,22204,4.17771
22349,22213,6.51082
22349,22335,4.65575
22349,22558,0.88281
22354,21934,8.11747
22354,22103,3.40298
22354,22348,2.41801
22354,22364,4.92684
22354,22550,6.84134
22355,22100,2.52535
22355,22104,2.90355
22355,22198,4.84399
22355,22216,4.18764
22355,22346,5.95103
22355,22674,2.5813
22355,22675,3.52112
22356,22007,4.72323
22356,22011,5.93454
22356,22200,3.61371
22356,22361,3.25078
22356,22563,1.16892
22359,22099,2.04073
22359,22211,3.72817
22359,22367,4.91889
22359,22636,3.53003
22360,22098,2.1
22360,22212,6.27507
22360,22343,6.34842
22360,22553,4.45559
22360,22559,3.85312
22360,22561,6.10714
22361,22011,11.6868
22361,22102,2.51175
22361,22356,3.25078
22361,22563,5.76653
22361,22569,4.7408
22361,22647,6.05395
22364,21934,3.86589
22364,22103,3.71756
22364,22107,7.8062
22364,22228,5.21243
22364,22354,4.92684
22364,22562,1.63111
22365,21940,7.74863
22365,21942,5.31379
22365,22022,2.95668
22365,22210,1.12387
22365,22213,0.787743
22365,22558,7.25812
22365,22574,2.8344
22367,22014,2.22472
22367,22018,3.9895
22367,22023,3.93718
22367,22359,4.91889
22367,22370,4.81755
22367,22375,2.55773
22367,22636,3.58311
22370,22020,2.42696
22370,22367,4.81755
22370,22375,5.1669
22370,22376,5.19062
22370,22633,1.05245
22370,22636,2.23366
22373,21898,1.65839
22373,22022,5.99987
22373,22104,0.806774
22373,22216,4.31684
22373,22571,4.03887
22373,22575,4.10032
22374,22029,1.87876
22374,22116,8.67485
22374,22570,7.78322
22375,21900,3.13489
22375,22023,4.1228
22375,22367,2.55773
22375,22370,5.1669
22375,22632,0.484009
22375,22633,2.24337
22375,22635,6.87237
22376,21943,5.3479
22376,22020,3.26047
22376,22370,5.19062
22376,22633,3.79332
22376,22696,3.45866
22377,22109,2.9322
22377,22111,6.0689
22377,22118,0.690052
22377,22232,5.60742
22377,22236,0.101721
22377,22242,4.86167
22377,22561,0.623017
22379,21902,6.79607
22379,21940,4.6389
22379,22235,4.45572
22379,22397,3.88504
22379,22574,5.19871
22379,22577,1.2619
22381,21952,4.10731
22381,21953,1.52586
22381,22026,2.51335
22381,22240,4.3028
22381,22568,2.73307
22381,22649,0.272878
22381,22669,6.24884
22382,21950,5.69178
22382,22028,6.52279
22382,22394,1.09719
22382,22563,1.68566
22382,22569,6.58581
22383,21900,4.93132
22383,22029,4.46914
22383,22031,3.89817
22383,22113,2.72011
22383,22220,2.06754
22383,22400,3.94742
22383,22570,5.06876
22384,21943,3.01655
22384,21944,2.55054
22384,22241,4.26266
22384,22385,4.93812
22384,22405,0.500116
22384,22631,1.10446
22384,22696,6.51531
22385,21944,3.01991
22385,22232,3.51635
22385,22236,2.73404
22385,22241,3.95702
22385,22384,4.93812
22386,22111,4.49219
22386,22118,6.84869
22386,22395,5.83447
22386,22562,1.64244
22386,22573,6.26873
22388,21950,4.91099
22388,22393,5.5965
22388,22645,2.18143
22388,22646,4.02432
22388,22649,4.98816
22388,22670,1.97459
22391,21880,2.09308
22391,21948,7.62268
22391,22228,1.89967
22391,22229,4.03553
22391,22233,6.39585
22391,22247,4.32278
22393,21950,5.03765
22393,22033,6.46812
22393,22388,5.5965
22393,22649,4.83533
22394,21950,6.01298
22394,22028,3.15453
22394,22036,4.3458
22394,22382,1.09719
22395,22040,5.58007
22395,22118,3.67962
22395,22233,5.6888
22395,22246,4.47195
22395,22247,4.65231
22395,22386,5.83447
22395,22573,1.30403
22397,22121,1.7175
22397,22122,4.79465
22397,22235,1.73518
22397,22379,3.88504
22397,22399,3.52248
22397,22577,6.71134
22399,22122,2.86911
22399,22235,7.66261
22399,22237,2.95698
22399,22253,3.29137
22399,22397,3.52248
22399,22583,2.88425
22400,21903,7.83568
22400,22029,5.04455
22400,22031,2.92569
22400,22244,6.19611
22400,22250,5.03567
22400,22254,0.337185
22400,22383,3.94742
22404,21952,2.79712
22404,21953,3.77244
22404,21955,4.60063
22404,22124,2.31009
22404,22249,4.63209
22404,22589,1.71396
22405,21881,3.42906
22405,22241,5.44519
22405,22384,0.500116
22405,22410,2.07383
22405,22582,2.80507
22405,22631,7.96381
22410,21881,3.77326
22410,22405,2.07383
22410,22411,1.3197
22410,22423,4.23317
22410,22582,7.18422
22410,22627,2.34901
22411,22037,4.50809
22411,22410,1.3197
22411,22413,1.90997
22411,22582,3.69563
22411,22595,1.5651
22411,22627,6.26913
22412,21955,0.6063
22412,22032,2.89767
22412,22038,4.76544
22412,22417,5.03365
22412,22418,5.90241
22412,22424,0.65959
22412,22584,3.73189
22413,21883,4.37895
22413,22037,4.54551
22413,22252,4.554
22413,22411,1.90997
22413,22595,4.82373
22414,21883,0.200587
22414,22040,7.68708
22414,22047,5.57538
22414,22126,5.75654
22414,22128,5.0309
22414,22247,2.84369
22416,21884,2.28309
22416,21959,3.3249
22416,22035,3.52434
22416,22127,9.42146
22416,22253,7.13937
22417,22038,2.60365
22417,22127,3.67893
22417,22260,4.88021
22417,22412,5.03365
22417,22424,5.68641
22418,21955,4.11312
22418,22130,0.313392
22418,22259,5.81571
22418,22412,5.90241
22418,22424,4.87435
22419,21956,5.49949
22419,22254,3.69437
22419,22262,9.05679
22419,22264,4.95184
22419,22267,4.12536
22419,22420,2.28645
22419,22425,0.418045
22420,21956,3.7267
22420,22255,6.34095
22420,22264,7.65128
22420,22419,2.28645
22420,22421,5.67347
22421,21881,7.39512
22421,22255,2.93509
22421,22264,2.45112
22421,22420,5.67347
22421,22423,1.35717
22421,22598,4.81214
22421,22631,1.82769
22421,22667,2.47443
22423,21881,3.77823
22423,22050,4.28745
22423,22410,4.23317
22423,22421,1.35717
22423,22627,2.32875
22423,22667,3.50576
22424,22130,5.97775
22424,22260,1.63715
22424,22412,0.65959
22424,22417,5.68641
22424,22418,4.87435
22424,22602,3.23471
22425,21903,9.97985
22425,21906,6.50308
22425,22254,3.88219
22425,22262,9.63828
22425,22419,0.418045
22428,22050,3.49289
22428,22054,7.17783
22428,22135,1.32229
22428,22595,4.03633
22428,22599,0.321145
22428,22629,4.80872
22428,22668,2.7541
22429,21885,5.10473
22429,21905,4.8925
22429,22048,4.04076
22429,22257,2.15005
22429,22432,3.10749
22429,22433,1.65818
22430,21884,3.52674
22430,22266,2.68468
22430,22268,2.77053
22430,22597,3.03596
22430,22643,4.85444
22432,21905,3.27409
22432,22429,3.10749
22432,22433,2.9659
22432,22601,1.77093
22432,22637,5.01028
22433,21885,4.07012
22433,22429,1.65818
22433,22432,2.9659
22433,22445,4.67297
22433,22446,1.3747
22433,22637,1.19535
22433,22641,2.93822
22435,22039,0.338741
22435,22053,7.71975
22435,22593,7.80695
22436,21906,1.72911
22436,21908,4.9002
22436,21965,6.05162
22436,22267,9.00974
22436,22441,5.91199
22437,22132,2.46307
22437,22445,2.04201
22437,22637,2.77279
22437,22638,5.6429
22437,22640,6.96214
22438,22271,1.93805
22438,22439,3.73655
22438,22611,5.70739
22438,22641,2.79104
22438,22642,2.41809
22438,22643,3.91352
22439,22268,3.10512
22439,22269,1.19552
22439,22271,1.16716
22439,22272,7.07328
22439,22438,3.73655
22439,22643,3.29839
22440,22130,3.3174
22440,22276,0.186323
22440,22450,8.51712
22440,22602,5.22811
22440,22606,3.91463
22440,22610,7.19267
22441,21906,9.73874
22441,21965,4.19872
22441,22436,5.91199
22442,21907,3.46414
22442,21908,8.25702
22442,22134,4.86262
22442,22453,4.97486
22442,22458,1.05745
22442,22598,0.940509
22445,22433,4.67297
22445,22437,2.04201
22445,22446,2.51576
22445,22448,8.4148
22445,22456,3.85775
22445,22637,4.27117
22445,22640,0.503791
22446,22433,1.3747
22446,22445,2.51576
22446,22456,4.61971
22446,22611,4.75796
22446,22641,5.7198
22447,22275,4.2828
22447,22448,3.46474
22447,22455,3.67886
22447,22460,6.85442
22447,22608,0.568094
22447,22640,7.04076
22448,22275,6.58033
22448,22278,0.411753
22448,22445,8.4148
22448,22447,3.46474
22448,22456,5.99044
22448,22640,2.4704
22450,22276,7.22967
22450,22440,8.51712
22450,22451,5.47471
22450,22464,7.92895
22450,22467,2.2676
22450,22606,1.91685
22451,21963,11.6463
22451,22450,5.47471
22451,22464,7.77199
22451,22465,0.733093
22451,22606,6.41976
22453,21908,3.96076
22453,21965,6.68151
22453,22137,3.67247
22453,22442,4.97486
22453,22458,12.3899
22455,21967,5.73353
22455,22135,3.96439
22455,22447,3.67886
22455,22459,5.04265
22455,22460,6.92118
22455,22470,0.693918
22455,22608,7.39146
22456,22058,9.06888
22456,22278,8.68985
22456,22445,3.85775
22456,22446,4.61971
22456,22448,5.99044
22456,22611,1.8048
22457,21966,6.27597
22457,22134,5.53568
22457,22135,5.33063
22457,22459,7.19705
22458,21966,6.68039
22458,22134,7.20676
22458,22137,5.83829
22458,22279,7.81257
22458,22442,1.05745
22458,22453,12.3899
22459,21886,5.26925
22459,21966,4.99586
22459,21967,5.89272
22459,22135,5.82693
22459,22455,5.04265
22459,22457,7.19705
22460,22062,3.60444
22460,22275,3.6917
22460,22447,6.85442
22460,22455,6.92118
22460,22470,4.78014
22462,22058,3.80675
22462,22059,4.73437
22462,22271,6.66292
22462,22466,2.18198
22462,22471,4.21788
22464,22280,1.90548
22464,22450,7.92895
22464,22451,7.77199
22464,22465,9.98842
22464,22467,7.05423
22465,21963,8.09099
22465,22138,7.35656
22465,22280,7.48999
22465,22451,0.733093
22465,22464,9.98842
22466,21968,4.18161
22466,22059,7.34767
22466,22136,4.81161
22466,22282,10.4384
22466,22462,2.18198
22466,22471,3.7019
22466,22473,2.32312
22467,21912,2.09637
22467,21968,7.44679
22467,22276,3.51964
22467,22280,8.64501
22467,22450,2.2676
22467,22464,7.05423
22467,22473,6.51611
22470,21967,7.55285
22470,22062,7.27832
22470,22141,8.78407
22470,22455,0.693918
22470,22460,4.78014
22471,22058,8.11551
22471,22278,4.16494
22471,22282,7.37945
22471,22462,4.21788
22471,22466,3.7019
22471,22477,7.01317
22471,22622,3.24201
22473,21912,5.82903
22473,21913,2.64747
22473,21968,8.94602
22473,22282,8.19307
22473,22466,2.32312
22473,22467,6.51611
22473,22623,7.77883
22475,21912,12.4073
22475,21914,6.98491
22475,21915,0.728861
22475,22138,5.05386
22475,22280,2.92083
22476,22140,9.24063
22476,22281,7.16038
22476,22285,1.72467
22476,22482,8.11353
22476,22621,3.02987
22477,21913,7.32685
22477,22064,8.10164
22477,22282,5.08712
22477,22471,7.01317
22477,22481,4.02283
22477,22622,5.97262
22481,22063,7.46566
22481,22064,4.80634
22481,22477,4.02283
22481,22622,7.28424
22481,22625,5.82113
22482,21972,10.6581
22482,22285,6.35213
22482,22476,8.11353
22483,21916,6.60506
22483,21972,5.16214
22483,22484,3.21095
22484,21914,7.14928
22484,21916,9.69844
22484,22483,3.21095
22493,22151,5.60959
22493,22155,4.33615
22493,22157,2.2631
22493,22697,6.42717
22493,22698,6.86947
22493,22709,6.53417
22493,22710,7.25547
22508,21980,7.50233
22508,21987,6.26925
22508,22079,5.23825
22508,22305,2.87036
22508,22308,2.35274
22509,22080,3.28482
22509,22153,7.52219
22509,22163,3.7322
22509,22524,4.34083
22509,22527,2.59554
22511,21923,2.77869
22511,21993,2.33411
22511,22171,3.2269
22511,22515,4.12646
22511,22716,7.2567
22511,44106,5.5475
22513,21987,6.16642
22513,22083,7.60178
22513,22152,7.25547
22513,22156,0.226725
22513,22165,2.81037
22513,22305,3.13769
22513,22518,3.114
22515,21923,8.14588
22515,21992,2.66637
22515,21993,5.09028
22515,22155,4.58979
22515,22173,3.7562
22515,22511,4.12646
22518,21991,6.79644
22518,22083,3.21941
22518,22156,2.44395
22518,22310,4.11391
22518,22513,3.114
22524,21925,1.1159
22524,22163,4.46883
22524,22168,7.02165
22524,22509,4.34083
22524,22527,7.24406
22525,21990,4.46715
22525,21992,4.63881
22525,21997,2.54206
22525,22157,6.1558
22525,22661,6.06157
22525,22677,3.06251
22527,21925,5.90156
22527,22002,1.78667
22527,22080,10.9608
