label, neighbor, wall area
39966,40075,16.0388
39966,40168,7.56334
39966,40261,4.07751
39966,40268,5.74415
39966,40419,12.941
39968,39972,3.02794
39968,40048,4.88629
39968,40318,5.65394
39968,40337,5.11229
39968,40345,3.83513
39968,40367,5.35157
39969,40038,2.16823
39969,40073,4.86922
39969,40176,11.0467
39969,40311,11.6263
39972,39968,3.02794
39972,40345,2.04039
39972,40367,4.62212
39972,40728,2.71379
39972,40733,3.58556
39972,40900,2.36977
39973,40377,2.93094
39973,40388,5.91811
39973,40404,2.14666
39973,40413,5.88209
39973,40414,2.48833
39974,40380,0
39974,40390,5.3573
39974,40435,5.52424
39974,40448,1.55274
39974,40831,2.7777
39974,40898,7.01336
39975,40413,7.61617
39975,40414,7.14563
39975,40433,1.3065
39975,40434,0.444677
39975,40459,5.10792
39975,40461,4.31453
39975,40476,1.38868
39976,40080,4.59043
39976,40389,1.30679
39976,40405,2.8183
39976,40415,7.04392
39976,40434,3.66858
39976,40448,0.280182
39976,40462,3.80708
39977,40078,0.449608
39977,40442,8.32301
39977,40486,7.53553
39977,40518,6.68679
39978,40430,2.95191
39978,40431,2.70771
39978,40446,3.58697
39978,40498,5.56641
39978,40499,5.39922
39979,39981,0.667369
39979,40471,3.27696
39979,40497,9.63821
39979,40512,8.04197
39979,40541,3.02961
39981,39979,0.667369
39981,40191,0.695988
39981,40497,4.49271
39981,40498,5.12965
39981,40526,1.73002
39981,40541,7.67523
39981,40544,4.80066
39982,39984,4.24843
39982,40180,2.06962
39982,40192,6.16864
39982,40476,2.04571
39982,40503,4.07466
39982,40529,8.07705
39983,39987,10.5642
39983,40099,0.506756
39983,40103,3.62962
39983,40513,6.53055
39983,40526,10.1538
39984,39982,4.24843
39984,40100,0.65764
39984,40180,7.25326
39984,40503,6.45739
39984,40530,4.00335
39985,40182,4.11199
39985,40752,1.21314
39985,40753,3.78755
39985,40754,4.45311
39985,40755,3.14347
39985,40847,2.39392
39986,40105,7.15821
39986,40125,0.933917
39986,40445,6.55241
39986,40447,7.69949
39986,40514,4.69754
39986,40566,2.50474
39986,40568,10.1618
39987,39983,10.5642
39987,40099,4.24344
39987,40103,4.25034
39987,40110,4.285
39987,40113,3.00827
39987,40555,5.98349
39988,39994,2.30977
39988,40096,6.44575
39988,40104,5.54186
39988,40201,7.06124
39988,40534,3.24022
39991,40112,5.17255
39991,40187,7.72681
39991,40202,8.16579
39991,40222,6.86099
39991,40573,2.60776
39992,40119,0.629541
39992,40146,5.76631
39992,40188,12.3035
39992,40509,0.586632
39992,40510,5.93168
39994,39988,2.30977
39994,40104,6.52175
39994,40200,5.59235
39994,40201,3.81354
39994,40226,1.87635
39994,40572,7.36459
39995,40549,2.73363
39995,40565,6.75311
39995,40575,4.16808
39995,40762,0.973667
39995,40846,2.07275
39995,40853,2.7637
39995,40854,2.0648
39995,40858,2.38183
39996,40119,9.71834
39996,40145,2.57389
39996,40458,2.8441
39996,40533,7.23504
39996,40559,7.49986
39996,40815,6.82501
39996,40816,1.07348
39997,40135,3.10774
39997,40211,1.61194
39997,40218,6.60761
39997,40228,8.73781
39997,40229,2.29732
39997,40570,7.97477
39998,40098,4.7305
39998,40105,2.73904
39998,40125,1.05817
39998,40554,8.6637
39998,40624,6.58565
39998,40648,5.75399
39999,40003,7.30839
39999,40126,7.78177
39999,40138,2.91911
39999,40222,2.23484
39999,40233,0.74983
39999,40581,6.1779
39999,40910,4.5904
39999,40911,6.52442
40002,40129,0.57396
40002,40154,4.90511
40002,40236,8.9162
40002,40595,4.40198
40002,40605,1.1346
40002,40623,6.71624
40003,39999,7.30839
40003,40233,3.13814
40003,40636,7.45747
40003,40909,5.30069
40003,40910,1.73699
40006,40151,5.44219
40006,40622,3.22445
40006,40714,1.1866
40006,40715,5.61086
40006,40719,0.514601
40006,40720,3.25018
40007,40275,1.25161
40007,40641,5.78923
40007,40652,2.05327
40007,40653,6.35775
40007,40780,4.03516
40009,40155,1.99428
40009,40626,6.40367
40009,40647,3.07288
40009,40879,4.72447
40009,40889,3.34204
40009,40890,3.5462
40011,40142,2.66268
40011,40143,3.88666
40011,40156,6.36733
40011,40280,2.90983
40011,40356,8.64562
40011,40634,4.77518
40012,40496,4.19483
40018,40022,7.10905
40018,40247,7.52217
40018,40250,9.16455
40018,40251,4.85401
40018,40256,4.21902
40018,40259,7.41202
40020,40108,5.71223
40020,40128,15.0399
40020,40501,4.37107
40020,40816,17.676
40022,40018,7.10905
40022,40251,8.84843
40022,40259,6.14074
40022,40269,2.4054
40022,40270,9.98176
40022,40271,2.85761
40023,40026,4.52385
40023,40258,6.3136
40023,40273,5.42602
40025,40031,4.00786
40025,40248,2.62147
40025,40253,2.77681
40025,40262,11.182
40025,40263,9.63086
40025,40282,5.23207
40026,40023,4.52385
40026,40258,5.68004
40026,40273,10.2144
40026,40283,12.0097
40026,40297,4.09524
40026,40304,3.47619
40028,40267,7.37774
40028,40279,9.65388
40028,40303,4.66678
40031,40025,4.00786
40031,40034,7.5714
40031,40037,10.5268
40031,40260,1.03213
40031,40262,6.36393
40031,40282,2.88727
40031,40295,1.91253
40031,40315,3.45121
40033,40044,11.8774
40033,40165,5.4305
40033,40167,0.726954
40033,40269,6.90186
40033,40270,7.97426
40033,40290,4.77823
40034,40031,7.5714
40034,40046,4.80681
40034,40282,7.16145
40034,40306,6.04934
40034,40315,2.96746
40035,40047,5.81363
40035,40160,4.4016
40035,40161,9.45589
40035,40298,4.42165
40035,40318,3.05032
40035,40330,1.00829
40036,40048,5.85363
40036,40161,10.4894
40036,40162,5.64242
40036,40298,3.65598
40036,40307,4.88774
40037,40031,10.5268
40037,40295,9.10735
40037,40314,5.01017
40037,40315,7.29264
40037,40325,1.96919
40038,39969,2.16823
40038,40175,5.0351
40038,40176,3.09777
40038,40311,4.69316
40038,40795,3.043
40038,40798,5.18393
40038,40803,2.24851
40039,40040,5.43006
40039,40047,6.53957
40039,40050,2.74674
40039,40160,6.019
40039,40284,1.40895
40039,40297,6.51159
40040,40039,5.43006
40040,40050,2.57316
40040,40297,1.53319
40040,40304,5.10962
40040,40312,1.94447
40040,40317,3.9228
40044,40033,11.8774
40044,40054,8.12025
40044,40165,5.74316
40044,40167,6.3152
40044,40177,3.85861
40044,40324,1.68484
40045,40165,5.00773
40045,40294,7.5158
40045,40295,5.4598
40045,40314,4.17316
40045,40324,2.86598
40045,40334,1.76206
40046,40034,4.80681
40046,40306,4.24548
40046,40315,5.12654
40046,40327,7.52037
40047,40035,5.81363
40047,40039,6.53957
40047,40050,7.52639
40047,40055,0.426364
40047,40160,4.00199
40047,40330,7.73536
40048,39968,4.88629
40048,40036,5.85363
40048,40161,5.35505
40048,40307,4.44847
40048,40318,6.11209
40048,40337,7.58527
40049,40268,6.00369
40049,40313,9.0507
40049,40425,9.12599
40049,40458,4.27271
40049,40653,7.78916
40050,40039,2.74674
40050,40040,2.57316
40050,40047,7.52639
40050,40055,3.43243
40050,40173,4.90971
40050,40317,3.98287
40050,40726,1.55895
40050,40727,1.26662
40051,40166,5.46037
40051,40309,5.44271
40051,40323,5.13288
40051,40339,8.29279
40051,40348,2.62322
40051,40359,3.45739
40052,40172,6.25932
40052,40332,8.75966
40052,40447,3.19743
40052,40658,4.6793
40052,40724,1.89126
40053,40061,3.61843
40053,40307,6.46078
40053,40319,6.00042
40053,40337,12.5965
40053,40354,12.5162
40054,40044,8.12025
40054,40059,2.04503
40054,40060,3.01795
40054,40167,3.23325
40054,40177,10.7285
40054,40333,8.72415
40055,40047,0.426364
40055,40050,3.43243
40055,40330,5.59885
40055,40727,5.9874
40055,40728,2.34875
40055,40729,1.50323
40056,40174,8.78627
40056,40175,9.84442
40056,40412,5.29965
40056,40803,2.87456
40056,40882,5.42065
40058,40177,4.44085
40058,40324,4.96899
40058,40340,5.15819
40058,40668,2.91915
40058,40672,1.94863
40058,40673,0.719149
40059,40054,2.04503
40059,40060,10.0277
40059,40062,2.4132
40059,40323,0.332642
40059,40333,9.06671
40059,40348,7.57831
40060,40054,3.01795
40060,40059,10.0277
40060,40062,0.374321
40060,40177,1.43593
40060,40383,10.3223
40060,40673,2.83543
40061,40053,3.61843
40061,40337,2.61407
40061,40354,4.81047
40061,40367,4.31517
40061,40392,5.32093
40061,40393,5.1839
40062,40059,2.4132
40062,40060,0.374321
40062,40348,4.25252
40062,40359,3.92449
40062,40382,5.26828
40062,40383,0.351823
40062,40675,5.16861
40064,40116,4.43903
40064,40140,3.73508
40064,40199,2.82778
40064,40487,3.40202
40064,40496,5.06602
40064,40501,11.6039
40064,40627,14.0497
40066,40358,4.36975
40066,40359,2.23367
40066,40372,3.60908
40066,40382,1.65541
40066,40398,6.38942
40066,40676,2.09416
40066,40677,1.18984
40068,40070,2.89931
40068,40367,2.14216
40068,40392,4.09685
40068,40899,4.89137
40068,40900,3.80649
40070,40068,2.89931
40070,40392,3.27459
40070,40393,4.06452
40070,40437,4.57771
40070,40899,2.62783
40071,40398,5.72857
40071,40426,2.56519
40071,40427,2.93421
40071,40444,4.11026
40071,40677,1.60423
40071,40678,0.980913
40072,40383,3.89109
40072,40384,2.21928
40072,40408,2.51562
40072,40409,3.15515
40072,40430,2.72978
40072,40674,3.2871
40073,39969,4.86922
40073,40093,5.98203
40073,40176,5.19223
40073,40311,5.11027
40073,40419,9.47892
40073,40493,4.03197
40073,40528,2.61887
40074,40078,3.90209
40074,40422,6.97573
40074,40442,5.99126
40075,39966,16.0388
40075,40108,7.44548
40075,40268,7.70312
40075,40419,1.07373
40075,40425,11.1294
40075,40533,5.63053
40075,40559,5.17723
40077,40085,4.81583
40077,40386,3.07247
40077,40403,4.36895
40077,40411,4.22196
40077,40433,6.81206
40077,40475,6.07926
40077,40476,0.924122
40078,39977,0.449608
40078,40074,3.90209
40078,40422,14.1541
40078,40442,4.90903
40078,40486,6.21564
40078,40488,6.13596
40078,40489,1.89144
40079,40426,1.27718
40079,40444,6.28346
40079,40454,3.78248
40079,40471,2.73328
40079,40492,6.42353
40079,40495,1.29848
40080,39976,4.59043
40080,40448,4.55991
40080,40462,3.82519
40080,40477,2.08974
40080,40478,5.51508
40080,40505,2.55577
40081,40098,5.88068
40081,40105,7.34609
40081,40370,8.99189
40081,40373,4.40851
40081,40447,7.67487
40082,40087,8.80203
40082,40451,9.31207
40082,40483,5.16235
40082,40740,2.6162
40082,40744,5.77334
40083,40469,4.32904
40083,40489,1.54892
40083,40520,2.34938
40083,40522,1.77694
40083,40683,2.34371
40083,40686,3.46887
40085,40077,4.81583
40085,40475,4.99914
40085,40476,7.5792
40085,40529,5.96765
40085,40892,2.24921
40087,40082,8.80203
40087,40094,9.93287
40087,40096,0.364743
40087,40483,3.79765
40087,40517,5.45095
40087,40744,2.97363
40087,40745,1.61168
40088,40465,8.97294
40088,40483,5.42978
40088,40517,4.17169
40088,40534,10.4939
40090,40473,6.96983
40090,40514,2.65798
40090,40550,11.2475
40090,40906,4.47178
40090,40907,9.32053
40092,40101,2.07602
40092,40478,4.84507
40092,40479,4.27762
40092,40505,3.3945
40092,40531,4.06013
40092,40532,8.15091
40093,40073,5.98203
40093,40493,5.09761
40093,40528,5.36021
40093,40558,8.52352
40094,40087,9.93287
40094,40096,5.3877
40094,40104,3.39714
40094,40745,2.35908
40094,40746,7.48792
40096,39988,6.44575
40096,40087,0.364743
40096,40094,5.3877
40096,40104,5.33115
40096,40517,9.05801
40096,40534,4.044
40097,40187,5.90084
40097,40202,2.70672
40097,40518,8.86586
40097,40535,0.785036
40097,40543,2.46498
40097,40551,2.51596
40098,39998,4.7305
40098,40081,5.88068
40098,40105,8.36275
40098,40373,5.6837
40098,40484,2.81183
40098,40554,8.38883
40099,39983,0.506756
40099,39987,4.24344
40099,40179,2.16973
40099,40197,4.37609
40099,40513,1.08878
40099,40527,5.87218
40099,40555,6.21553
40100,39984,0.65764
40100,40180,4.74733
40100,40181,3.97861
40100,40530,6.11985
40100,40556,3.24593
40101,40092,2.07602
40101,40531,6.6722
40101,40532,4.42974
40101,40548,4.46546
40101,40557,3.47417
40101,40562,2.04934
40101,40855,1.88149
40102,40178,6.87732
40102,40190,6.32786
40102,40205,0.522561
40102,40206,5.78227
40102,40524,2.17491
40102,40525,0.65536
40102,40561,0.559196
40103,39983,3.62962
40103,39987,4.25034
40103,40110,2.12629
40103,40191,2.06035
40103,40208,5.19959
40103,40526,1.5611
40103,40544,5.92607
40104,39988,5.54186
40104,39994,6.52175
40104,40094,3.39714
40104,40096,5.33115
40104,40200,3.96024
40104,40746,2.36202
40105,39986,7.15821
40105,39998,2.73904
40105,40081,7.34609
40105,40098,8.36275
40105,40125,11.0648
40105,40447,0.527509
40106,40111,3.39796
40106,40114,6.57281
40106,40180,5.6181
40106,40556,5.25727
40108,40020,5.71223
40108,40075,7.44548
40108,40128,3.90582
40108,40419,4.27564
40108,40528,10.5064
40108,40559,9.48769
40108,40816,2.89354
40110,39987,4.285
40110,40103,2.12629
40110,40113,3.97727
40110,40208,3.20023
40110,40574,6.03158
40111,40106,3.39796
40111,40114,5.11045
40111,40180,2.58098
40111,40192,5.76213
40111,40198,4.5558
40111,40218,5.48916
40112,39991,5.17255
40112,40187,8.36891
40112,40221,7.23506
40112,40222,4.62236
40113,39987,3.00827
40113,40110,3.97727
40113,40211,3.51233
40113,40224,4.95452
40113,40555,4.34386
40113,40574,4.49992
40113,40586,4.54559
40114,40106,6.57281
40114,40111,5.11045
40114,40115,4.99366
40114,40218,1.39671
40114,40225,5.11626
40114,40556,1.24729
40115,40114,4.99366
40115,40120,3.84813
40115,40225,2.02136
40115,40556,7.46168
40115,40579,8.2319
40116,40064,4.43903
40116,40199,5.82218
40116,40521,8.28889
40116,40523,9.04653
40116,40554,0.446995
40116,40624,4.56475
40116,40627,6.80246
40119,39992,0.629541
40119,39996,9.71834
40119,40145,10.1688
40119,40146,4.27226
40119,40188,12.2015
40119,40458,4.09099
40119,40460,5.75941
40120,40115,3.84813
40120,40121,6.41135
40120,40130,3.1788
40120,40556,1.98703
40120,40557,2.5929
40120,40562,2.40946
40120,40579,4.15829
40121,40120,6.41135
40121,40130,2.34112
40121,40219,5.38545
40121,40562,3.00284
40121,40588,5.23665
40124,40576,3.23429
40124,40593,1.47381
40124,40700,1.63658
40124,40701,2.03458
40124,40702,2.46526
40124,40704,3.39929
40124,40903,1.03537
40125,39986,0.933917
40125,39998,1.05817
40125,40105,11.0648
40125,40568,6.21348
40125,40620,7.04174
40125,40648,8.69346
40126,39999,7.78177
40126,40222,7.2748
40126,40573,4.71721
40126,40581,5.81551
40127,40138,3.1092
40127,40210,1.90605
40127,40214,4.06483
40127,40581,3.96235
40127,40582,6.12166
40128,40020,15.0399
40128,40108,3.90582
40128,40140,5.88215
40128,40501,5.08229
40128,40528,6.28263
40128,40558,8.26056
40129,40002,0.57396
40129,40217,4.48612
40129,40223,0.462435
40129,40236,4.84606
40129,40569,0.633264
40129,40585,4.56141
40129,40595,7.01074
40130,40120,3.1788
40130,40121,2.34112
40130,40136,3.66939
40130,40579,3.4802
40130,40588,3.52874
40130,40607,3.252
40130,40615,4.62729
40133,40235,3.1079
40133,40242,4.7695
40133,40576,2.99775
40133,40577,7.06444
40133,40593,3.70612
40133,40594,1.55133
40133,40902,0.549271
40134,40135,3.77342
40134,40224,5.1995
40134,40228,1.61857
40134,40237,6.59549
40134,40586,3.00763
40134,40597,1.2134
40135,39997,3.10774
40135,40134,3.77342
40135,40147,6.79306
40135,40228,4.41754
40135,40229,3.93325
40135,40237,1.057
40135,40613,2.19958
40136,40130,3.66939
40136,40152,1.14928
40136,40579,4.19382
40136,40599,6.31604
40136,40615,5.88427
40138,39999,2.91911
40138,40127,3.1092
40138,40233,9.9055
40138,40581,5.39472
40138,40582,0.734405
40140,40064,3.73508
40140,40128,5.88215
40140,40199,8.02784
40140,40501,9.24231
40140,40558,6.98722
40141,40143,4.38468
40141,40239,4.61404
40141,40600,5.50732
40141,40634,3.8098
40142,40011,2.66268
40142,40143,10.1918
40142,40156,9.65878
40142,40240,4.32856
40142,40765,4.95524
40142,40766,1.98673
40143,40011,3.88666
40143,40141,4.38468
40143,40142,10.1918
40143,40600,3.54378
40143,40634,3.79727
40143,40766,2.42494
40143,40767,3.28477
40145,39996,2.57389
40145,40119,10.1688
40145,40146,9.4491
40145,40299,3.17519
40145,40815,12.7517
40146,39992,5.76631
40146,40119,4.27226
40146,40145,9.4491
40146,40299,6.77658
40146,40610,10.6466
40147,40135,6.79306
40147,40237,4.56298
40147,40613,3.52625
40147,40625,2.17141
40147,40626,6.22261
40148,40607,4.88818
40148,40615,4.05123
40148,40784,3.72873
40148,40863,3.08694
40148,40864,3.61421
40151,40006,5.44219
40151,40235,2.60884
40151,40243,6.81788
40151,40622,2.56127
40151,40719,1.53479
40152,40136,1.14928
40152,40155,2.49613
40152,40229,1.03009
40152,40599,6.84971
40152,40613,6.40656
40152,40615,4.57373
40152,40628,6.95
40154,40002,4.90511
40154,40236,2.6189
40154,40611,3.49862
40154,40623,2.00925
40154,40645,4.5158
40154,40646,8.2328
40154,40862,3.20585
40155,40009,1.99428
40155,40152,2.49613
40155,40613,6.39846
40155,40626,3.30079
40155,40628,4.04827
40155,40889,8.10366
40156,40011,6.36733
40156,40142,9.65878
40156,40240,1.49858
40160,40035,4.4016
40160,40039,6.019
40160,40047,4.00199
40160,40284,0.464718
40160,40298,5.92475
40161,40035,9.45589
40161,40036,10.4894
40161,40048,5.35505
40161,40298,3.45511
40161,40318,3.78715
40162,40036,5.64242
40162,40307,7.12197
40165,40033,5.4305
40165,40044,5.74316
40165,40045,5.00773
40165,40270,2.61686
40165,40294,5.64834
40165,40324,6.86959
40166,40051,5.46037
40166,40303,5.4871
40166,40309,3.1975
40166,40331,2.85044
40166,40339,4.57321
40167,40033,0.726954
40167,40044,6.3152
40167,40054,3.23325
40167,40290,5.94303
40167,40310,7.78593
40167,40323,3.11344
40167,40333,5.56746
40168,39966,7.56334
40168,40257,6.31046
40168,40261,0.539069
40168,40311,5.30685
40168,40419,3.44797
40170,40280,9.8183
40170,40351,10.2805
40170,40399,2.90235
40170,40468,4.45349
40170,40632,3.59141
40170,40633,2.56716
40170,40642,3.07282
40171,40292,6.02645
40171,40326,4.69206
40171,40656,3.93816
40171,40657,3.16277
40171,40906,4.32187
40171,40907,5.81706
40172,40052,6.25932
40172,40363,5.06306
40172,40445,7.6175
40172,40447,0.409454
40172,40658,1.65377
40172,40722,12.0021
40173,40050,4.90971
40173,40317,2.75834
40173,40336,6.7909
40173,40353,0.518555
40173,40365,3.18241
40173,40366,0.577418
40173,40726,6.30185
40174,40056,8.78627
40174,40305,6.84114
40174,40373,4.08599
40174,40412,3.57892
40174,40484,5.15938
40174,40521,1.46244
40174,40882,2.71414
40175,40038,5.0351
40175,40056,9.84442
40175,40176,7.33131
40175,40412,3.63358
40175,40803,2.99856
40176,39969,11.0467
40176,40038,3.09777
40176,40073,5.19223
40176,40175,7.33131
40176,40412,5.49606
40176,40493,8.7746
40177,40044,3.85861
40177,40054,10.7285
40177,40058,4.44085
40177,40060,1.43593
40177,40324,4.95683
40177,40673,7.66446
40178,40102,6.87732
40178,40512,0.286832
40178,40525,4.43117
40178,40540,7.02707
40178,40561,4.06894
40179,40099,2.16973
40179,40192,5.93917
40179,40197,5.70969
40179,40198,1.55456
40179,40527,2.82499
40179,40529,6.05927
40179,40892,3.55964
40180,39982,2.06962
40180,39984,7.25326
40180,40100,4.74733
40180,40106,5.6181
40180,40111,2.58098
40180,40192,3.93376
40180,40556,1.06997
40181,40100,3.97861
40181,40530,2.78237
40181,40531,5.0018
40181,40556,6.79466
40181,40557,4.43178
40182,39985,4.11199
40182,40549,5.6446
40182,40754,0.425712
40182,40847,0.733776
40182,40848,3.2708
40182,40856,3.78184
40182,40857,2.15041
40187,39991,7.72681
40187,40097,5.90084
40187,40112,8.36891
40187,40202,0.39836
40187,40535,10.5963
40188,39992,12.3035
40188,40119,12.2015
40188,40460,2.83759
40188,40463,6.45008
40188,40468,4.61604
40188,40510,5.10291
40189,40195,5.24915
40189,40539,2.18538
40189,40552,2.80837
40189,40688,3.62738
40189,40694,2.70783
40189,40824,1.34314
40190,40102,6.32786
40190,40205,4.7269
40190,40524,3.1906
40190,40539,3.18807
40190,40552,4.11499
40190,40820,2.70392
40191,39981,0.695988
40191,40103,2.06035
40191,40196,6.33908
40191,40208,5.0096
40191,40541,4.36254
40191,40544,4.75849
40191,40569,1.94955
40192,39982,6.16864
40192,40111,5.76213
40192,40179,5.93917
40192,40180,3.93376
40192,40198,4.97485
40192,40529,0.473839
40193,40204,7.0034
40193,40210,0.513152
40193,40537,4.23994
40193,40551,1.73875
40193,40692,3.3478
40193,40698,2.21871
40193,40699,2.9904
40195,40189,5.24915
40195,40552,2.73257
40195,40700,1.23535
40195,40701,1.13598
40195,40819,4.94306
40195,40824,4.43463
40196,40191,6.33908
40196,40217,2.80371
40196,40540,3.78447
40196,40541,2.8712
40196,40561,6.83536
40196,40569,3.61878
40197,40099,4.37609
40197,40179,5.70969
40197,40198,3.52829
40197,40211,5.92242
40197,40555,4.23288
40197,40570,4.52613
40198,40111,4.5558
40198,40179,1.55456
40198,40192,4.97485
40198,40197,3.52829
40198,40218,2.16094
40198,40570,7.83341
40199,40064,2.82778
40199,40116,5.82218
40199,40140,8.02784
40199,40493,4.79907
40199,40523,4.60077
40199,40558,7.64952
40200,39994,5.59235
40200,40104,3.96024
40200,40213,3.85095
40200,40226,0.280229
40200,40746,2.38854
40200,40758,6.51219
40200,40761,1.67225
40201,39988,7.06124
40201,39994,3.81354
40201,40572,4.00751
40202,39991,8.16579
40202,40097,2.70672
40202,40187,0.39836
40202,40203,2.7104
40202,40551,8.80203
40202,40573,5.90193
40203,40202,2.7104
40203,40204,5.26478
40203,40214,2.90503
40203,40551,4.50578
40203,40573,3.98312
40204,40193,7.0034
40204,40203,5.26478
40204,40210,3.86411
40204,40214,2.14335
40204,40551,2.24229
40205,40102,0.522561
40205,40190,4.7269
40205,40206,3.85751
40205,40215,4.45257
40205,40216,1.68773
40205,40552,2.70257
40205,40818,4.28259
40206,40102,5.78227
40206,40205,3.85751
40206,40216,6.15634
40206,40561,6.76476
40208,40103,5.19959
40208,40110,3.20023
40208,40191,5.0096
40208,40223,1.84878
40208,40569,6.162
40208,40574,3.79889
40210,40127,1.90605
40210,40193,0.513152
40210,40204,3.86411
40210,40214,4.95901
40210,40582,2.06905
40210,40698,6.89708
40211,39997,1.61194
40211,40113,3.51233
40211,40197,5.92242
40211,40224,7.52356
40211,40228,3.16511
40211,40555,1.61194
40211,40570,1.87889
40213,40200,3.85095
40213,40226,4.10849
40213,40761,4.10091
40213,40827,2.89106
40214,40127,4.06483
40214,40203,2.90503
40214,40204,2.14335
40214,40210,4.95901
40214,40573,7.23827
40214,40581,5.31337
40215,40205,4.45257
40215,40216,4.93119
40215,40577,4.97929
40215,40583,2.36013
40215,40818,2.95571
40216,40205,1.68773
40216,40206,6.15634
40216,40215,4.93119
40216,40561,1.21224
40216,40578,3.15079
40216,40583,2.23621
40216,40584,2.66345
40217,40129,4.48612
40217,40196,2.80371
40217,40561,5.04648
40217,40569,7.85205
40217,40578,4.36969
40217,40595,2.96791
40218,39997,6.60761
40218,40111,5.48916
40218,40114,1.39671
40218,40198,2.16094
40218,40225,7.31267
40218,40229,5.02505
40218,40570,2.82178
40219,40121,5.38545
40219,40562,0.818704
40219,40563,6.53301
40219,40588,0.548221
40219,40849,2.10545
40219,40851,3.94529
40219,40852,2.82954
40221,40112,7.23506
40221,40222,9.44308
40221,40911,3.92339
40222,39991,6.86099
40222,39999,2.23484
40222,40112,4.62236
40222,40126,7.2748
40222,40221,9.44308
40222,40573,2.78193
40222,40911,4.84247
40223,40129,0.462435
40223,40208,1.84878
40223,40569,4.84535
40223,40574,5.85735
40223,40585,9.09239
40223,40586,2.64114
40223,40597,0.853911
40224,40113,4.95452
40224,40134,5.1995
40224,40211,7.52356
40224,40228,3.52714
40224,40586,3.38774
40225,40114,5.11626
40225,40115,2.02136
40225,40218,7.31267
40225,40229,1.749
40225,40579,3.71551
40225,40599,5.56408
40226,39994,1.87635
40226,40200,0.280229
40226,40213,4.10849
40226,40572,8.22744
40226,40827,5.59287
40226,40829,1.88005
40228,39997,8.73781
40228,40134,1.61857
40228,40135,4.41754
40228,40211,3.16511
40228,40224,3.52714
40229,39997,2.29732
40229,40135,3.93325
40229,40152,1.03009
40229,40218,5.02505
40229,40225,1.749
40229,40599,5.41586
40229,40613,7.33259
40233,39999,0.74983
40233,40003,3.13814
40233,40138,9.9055
40233,40582,2.31921
40233,40636,3.80485
40233,40705,2.13409
40233,40707,5.16644
40235,40133,3.1079
40235,40151,2.60884
40235,40242,2.47437
40235,40243,0.77416
40235,40594,6.91965
40235,40622,3.73248
40236,40002,8.9162
40236,40129,4.84606
40236,40154,2.6189
40236,40585,3.8311
40236,40611,6.7203
40237,40134,6.59549
40237,40135,1.057
40237,40147,4.56298
40237,40597,2.59539
40237,40612,4.39888
40237,40625,5.75977
40239,40141,4.61404
40239,40600,2.28468
40239,40617,5.29838
40239,40632,4.54055
40239,40633,7.58475
40239,40634,3.15923
40239,40771,3.08591
40240,40142,4.32856
40240,40156,1.49858
40240,40765,2.4365
40240,40829,5.22229
40241,40242,1.51555
40241,40638,2.59659
40241,40706,2.27063
40241,40708,1.91502
40241,40711,3.00498
40241,40902,2.30837
40241,40903,3.1478
40242,40133,4.7695
40242,40235,2.47437
40242,40241,1.51555
40242,40622,4.87636
40242,40638,4.72915
40242,40902,5.33544
40243,40151,6.81788
40243,40235,0.77416
40243,40594,1.77944
40243,40604,4.64816
40243,40609,2.69743
40243,40718,3.04288
40243,40719,0.246444
40247,40018,7.52217
40247,40248,4.11937
40247,40250,3.40219
40247,40251,4.21699
40247,40252,5.2341
40248,40025,2.62147
40248,40247,4.11937
40248,40252,6.41316
40248,40253,10.266
40248,40258,1.32318
40248,40263,3.83086
40250,40018,9.16455
40250,40247,3.40219
40250,40256,12.0319
40251,40018,4.85401
40251,40022,8.84843
40251,40247,4.21699
40251,40252,10.9325
40251,40260,3.21732
40251,40271,4.32449
40252,40247,5.2341
40252,40248,6.41316
40252,40251,10.9325
40252,40253,5.0105
40252,40260,2.39234
40253,40025,2.77681
40253,40248,10.266
40253,40252,5.0105
40253,40260,2.08283
40253,40262,4.46535
40256,40018,4.21902
40256,40250,12.0319
40256,40259,4.71819
40256,40267,13.3988
40257,40168,6.31046
40257,40261,5.40915
40257,40311,5.90496
40257,40789,8.80979
40258,40023,6.3136
40258,40026,5.68004
40258,40248,1.32318
40258,40263,9.57812
40258,40283,1.25021
40259,40018,7.41202
40259,40022,6.14074
40259,40256,4.71819
40259,40267,7.38562
40259,40269,10.2414
40259,40279,3.08158
40259,40289,4.30268
40260,40031,1.03213
40260,40251,3.21732
40260,40252,2.39234
40260,40253,2.08283
40260,40262,12.9108
40260,40271,11.2371
40260,40295,4.26018
40261,39966,4.07751
40261,40168,0.539069
40261,40257,5.40915
40261,40268,4.43394
40261,40651,6.27621
40261,40788,2.61874
40261,40789,1.32285
40262,40025,11.182
40262,40031,6.36393
40262,40253,4.46535
40262,40260,12.9108
40263,40025,9.63086
40263,40248,3.83086
40263,40258,9.57812
40263,40282,4.95038
40263,40283,4.75832
40267,40028,7.37774
40267,40256,13.3988
40267,40259,7.38562
40267,40279,5.23924
40268,39966,5.74415
40268,40049,6.00369
40268,40075,7.70312
40268,40261,4.43394
40268,40425,0.835243
40268,40651,3.83032
40268,40653,5.98732
40269,40022,2.4054
40269,40033,6.90186
40269,40259,10.2414
40269,40270,4.08139
40269,40289,2.1348
40269,40290,5.31265
40270,40022,9.98176
40270,40033,7.97426
40270,40165,2.61686
40270,40269,4.08139
40270,40271,7.01592
40270,40294,7.564
40271,40022,2.85761
40271,40251,4.32449
40271,40260,11.2371
40271,40270,7.01592
40271,40294,2.04138
40271,40295,2.87234
40273,40023,5.42602
40273,40026,10.2144
40273,40284,5.04384
40273,40297,4.09455
40275,40007,1.25161
40275,40313,12.8425
40275,40351,6.18973
40275,40463,2.31116
40275,40641,3.75706
40275,40642,7.86935
40275,40653,5.84667
40279,40028,9.65388
40279,40259,3.08158
40279,40267,5.23924
40279,40289,6.5953
40279,40303,5.09346
40279,40309,3.19809
40280,40011,2.90983
40280,40170,9.8183
40280,40356,4.41713
40280,40399,6.61905
40280,40633,3.50771
40280,40634,9.90814
40282,40025,5.23207
40282,40031,2.88727
40282,40034,7.16145
40282,40263,4.95038
40282,40283,3.10065
40282,40306,6.01562
40283,40026,12.0097
40283,40258,1.25021
40283,40263,4.75832
40283,40282,3.10065
40283,40304,3.05928
40283,40306,7.26891
40283,40312,1.88598
40284,40039,1.40895
40284,40160,0.464718
40284,40273,5.04384
40284,40297,4.56643
40289,40259,4.30268
40289,40269,2.1348
40289,40279,6.5953
40289,40290,6.27567
40289,40309,4.28368
40289,40310,4.78298
40290,40033,4.77823
40290,40167,5.94303
40290,40269,5.31265
40290,40289,6.27567
40290,40310,0.944694
40291,40292,2.68729
40291,40655,4.13934
40291,40908,3.75148
40292,40171,6.02645
40292,40291,2.68729
40292,40655,7.16112
40292,40656,3.13912
40292,40711,0.261826
40294,40045,7.5158
40294,40165,5.64834
40294,40270,7.564
40294,40271,2.04138
40294,40295,7.15774
40295,40031,1.91253
40295,40037,9.10735
40295,40045,5.4598
40295,40260,4.26018
40295,40271,2.87234
40295,40294,7.15774
40295,40314,4.77786
40297,40026,4.09524
40297,40039,6.51159
40297,40040,1.53319
40297,40273,4.09455
40297,40284,4.56643
40297,40304,3.75304
40298,40035,4.42165
40298,40036,3.65598
40298,40160,5.92475
40298,40161,3.45511
40299,40145,3.17519
40299,40146,6.77658
40299,40416,11.45
40299,40610,1.19109
40299,40815,5.68217
40303,40028,4.66678
40303,40166,5.4871
40303,40279,5.09346
40303,40309,7.69566
40304,40026,3.47619
40304,40040,5.10962
40304,40283,3.05928
40304,40297,3.75304
40304,40312,5.59845
40305,40174,6.84114
40305,40373,4.05709
40305,40801,2.87532
40305,40802,4.43273
40305,40807,4.27663
40305,40808,3.47452
40305,40882,2.57482
40306,40034,6.04934
40306,40046,4.24548
40306,40282,6.01562
40306,40283,7.26891
40306,40312,6.18067
40306,40327,1.26042
40306,40328,5.65567
40307,40036,4.88774
40307,40048,4.44847
40307,40053,6.46078
40307,40162,7.12197
40307,40319,6.0301
40307,40337,3.38096
40309,40051,5.44271
40309,40166,3.1975
40309,40279,3.19809
40309,40289,4.28368
40309,40303,7.69566
40309,40310,5.21766
40309,40323,3.69293
40310,40167,7.78593
40310,40289,4.78298
40310,40290,0.944694
40310,40309,5.21766
40310,40323,4.8109
40311,39969,11.6263
40311,40038,4.69316
40311,40073,5.11027
40311,40168,5.30685
40311,40257,5.90496
40311,40419,4.10125
40311,40789,3.15435
40311,40795,2.73722
40312,40040,1.94447
40312,40283,1.88598
40312,40304,5.59845
40312,40306,6.18067
40312,40317,5.70817
40312,40328,3.88313
40312,40329,3.60651
40313,40049,9.0507
40313,40275,12.8425
40313,40458,0.685611
40313,40460,6.88183
40313,40463,2.42452
40313,40653,0.66395
40314,40037,5.01017
40314,40045,4.17316
40314,40295,4.77786
40314,40325,4.11482
40314,40334,7.80381
40315,40031,3.45121
40315,40034,2.96746
40315,40037,7.29264
40315,40046,5.12654
40315,40325,5.34531
40315,40327,3.25184
40315,40335,3.65116
40316,40545,9.67042
40316,40618,8.39517
40316,40620,9.92447
40316,40817,4.45895
40317,40040,3.9228
40317,40050,3.98287
40317,40173,2.75834
40317,40312,5.70817
40317,40329,0.851193
40317,40336,3.15027
40318,39968,5.65394
40318,40035,3.05032
40318,40048,6.11209
40318,40161,3.78715
40318,40330,8.89817
40318,40345,3.6888
40319,40053,6.00042
40319,40307,6.0301
40319,40320,11.9276
40319,40354,2.65188
40320,40319,11.9276
40320,40354,3.02383
40320,40355,6.05089
40323,40051,5.13288
40323,40059,0.332642
40323,40167,3.11344
40323,40309,3.69293
40323,40310,4.8109
40323,40333,6.34818
40323,40348,9.00712
40324,40044,1.68484
40324,40045,2.86598
40324,40058,4.96899
40324,40165,6.86959
40324,40177,4.95683
40324,40334,4.1615
40324,40340,2.58883
40325,40037,1.96919
40325,40314,4.11482
40325,40315,5.34531
40325,40334,0.801746
40325,40335,2.82674
40325,40341,6.55254
40326,40171,4.69206
40326,40363,4.57498
40326,40473,1.60479
40326,40657,4.96146
40326,40722,2.26041
40326,40906,5.39752
40327,40046,7.52037
40327,40306,1.26042
40327,40315,3.25184
40327,40328,6.446
40327,40335,2.93795
40327,40660,4.10236
40328,40306,5.65567
40328,40312,3.88313
40328,40327,6.446
40328,40329,5.83359
40328,40342,4.47392
40328,40343,0.811692
40328,40660,1.69108
40329,40312,3.60651
40329,40317,0.851193
40329,40328,5.83359
40329,40336,3.58824
40329,40343,3.67607
40330,40035,1.00829
40330,40047,7.73536
40330,40055,5.59885
40330,40318,8.89817
40330,40345,2.67337
40330,40728,0.577799
40331,40166,2.85044
40331,40339,8.27049
40331,40372,2.79299
40332,40052,8.75966
40332,40370,2.99233
40332,40447,5.95428
40332,40724,2.5658
40332,40802,7.60383
40333,40054,8.72415
40333,40059,9.06671
40333,40167,5.56746
40333,40323,6.34818
40334,40045,1.76206
40334,40314,7.80381
40334,40324,4.1615
40334,40325,0.801746
40334,40340,5.10085
40334,40341,3.44389
40334,40666,3.08612
40335,40315,3.65116
40335,40325,2.82674
40335,40327,2.93795
40335,40341,1.80863
40335,40660,1.42893
40335,40661,6.37204
40335,40662,0.218307
40335,40664,2.13564
40336,40173,6.7909
40336,40317,3.15027
40336,40329,3.58824
40336,40343,2.7207
40336,40353,3.40598
40337,39968,5.11229
40337,40048,7.58527
40337,40053,12.5965
40337,40061,2.61407
40337,40307,3.38096
40337,40367,6.61637
40339,40051,8.29279
40339,40166,4.57321
40339,40331,8.27049
40339,40358,5.35877
40339,40359,4.97872
40339,40372,1.625
40340,40058,5.15819
40340,40324,2.58883
40340,40334,5.10085
40340,40666,2.67192
40340,40668,4.2942
40341,40325,6.55254
40341,40334,3.44389
40341,40335,1.80863
40341,40664,2.64595
40341,40665,3.65794
40341,40666,1.84573
40342,40328,4.47392
40342,40343,3.99296
40342,40352,3.03812
40342,40659,1.89904
40342,40660,2.77283
40343,40328,0.811692
40343,40329,3.67607
40343,40336,2.7207
40343,40342,3.99296
40343,40352,2.40583
40343,40353,2.98944
40345,39968,3.83513
40345,39972,2.04039
40345,40318,3.6888
40345,40330,2.67337
40345,40728,6.34225
40347,40472,10.2014
40347,40624,6.8171
40347,40648,6.8062
40347,40817,4.98285
40348,40051,2.62322
40348,40059,7.57831
40348,40062,4.25252
40348,40323,9.00712
40348,40359,8.96628
40351,40170,10.2805
40351,40275,6.18973
40351,40463,6.05213
40351,40468,4.32392
40351,40642,3.58564
40352,40342,3.03812
40352,40343,2.40583
40352,40353,4.73302
40352,40364,3.19201
40352,40378,4.75599
40352,40659,2.7391
40353,40173,0.518555
40353,40336,3.40598
40353,40343,2.98944
40353,40352,4.73302
40353,40365,7.77784
40353,40378,1.90288
40353,40389,2.22343
40354,40053,12.5162
40354,40061,4.81047
40354,40319,2.65188
40354,40320,3.02383
40354,40355,4.97539
40354,40381,9.92796
40354,40393,0.502665
40355,40320,6.05089
40355,40354,4.97539
40355,40368,8.36516
40355,40381,2.38069
40355,40394,2.48645
40356,40011,8.64562
40356,40280,4.41713
40356,40399,8.23887
40358,40066,4.36975
40358,40339,5.35877
40358,40359,2.44441
40358,40372,6.18801
40359,40051,3.45739
40359,40062,3.92449
40359,40066,2.23367
40359,40339,4.97872
40359,40348,8.96628
40359,40358,2.44441
40359,40382,4.61042
40362,40364,3.76799
40362,40377,5.35567
40362,40388,0.414051
40362,40659,3.80993
40362,40662,2.09005
40362,40663,2.28459
40363,40172,5.06306
40363,40326,4.57498
40363,40445,6.40522
40363,40473,6.26978
40363,40514,1.94142
40363,40722,1.657
40364,40352,3.19201
40364,40362,3.76799
40364,40378,3.86923
40364,40388,4.55891
40364,40659,4.17041
40365,40173,3.18241
40365,40353,7.77784
40365,40366,3.34767
40365,40379,4.6007
40365,40389,2.80835
40366,40173,0.577418
40366,40365,3.34767
40366,40379,3.90854
40366,40380,2.82938
40366,40390,3.15808
40366,40726,6.12098
40366,40727,0.93027
40366,40730,2.64203
40367,39968,5.35157
40367,39972,4.62212
40367,40061,4.31517
40367,40068,2.14216
40367,40337,6.61637
40367,40392,3.27118
40367,40900,1.31175
40368,40355,8.36516
40368,40394,3.62889
40368,40406,5.7215
40370,40081,8.99189
40370,40332,2.99233
40370,40373,5.52427
40370,40447,4.1141
40370,40801,5.68277
40370,40802,3.01758
40371,40372,6.57486
40371,40678,2.58203
40371,40679,1.06684
40372,40066,3.60908
40372,40331,2.79299
40372,40339,1.625
40372,40358,6.18801
40372,40371,6.57486
40372,40398,2.63748
40372,40678,0.472024
40373,40081,4.40851
40373,40098,5.6837
40373,40174,4.08599
40373,40305,4.05709
40373,40370,5.52427
40373,40484,13.5085
40373,40801,6.45342
40375,40376,1.99357
40375,40385,2.3906
40375,40386,5.88362
40375,40667,8.23004
40375,40894,1.12844
40376,40375,1.99357
40376,40377,3.16721
40376,40386,4.25152
40376,40387,3.69131
40376,40403,3.42921
40376,40662,4.26171
40376,40663,2.71808
40376,40667,2.37092
40377,39973,2.93094
40377,40362,5.35567
40377,40376,3.16721
40377,40387,4.74445
40377,40388,2.57364
40377,40413,0.448166
40377,40663,2.56807
40378,40352,4.75599
40378,40353,1.90288
40378,40364,3.86923
40378,40388,2.53436
40378,40389,2.20716
40378,40404,1.37783
40378,40405,3.24446
40379,40365,4.6007
40379,40366,3.90854
40379,40389,4.61092
40379,40390,6.26998
40379,40415,1.75257
40380,39974,0
40380,40366,2.82938
40380,40390,3.62372
40380,40730,4.315
40380,40731,2.53648
40380,40831,4.5562
40381,40354,9.92796
40381,40355,2.38069
40381,40393,3.6108
40381,40394,7.95697
40381,40418,5.72541
40382,40062,5.26828
40382,40066,1.65541
40382,40359,4.61042
40382,40675,3.31764
40382,40676,5.06417
40383,40060,10.3223
40383,40062,0.351823
40383,40072,3.89109
40383,40384,3.56615
40383,40673,0.959906
40383,40674,1.75121
40383,40675,3.71291
40383,40893,2.15732
40384,40072,2.21928
40384,40383,3.56615
40384,40402,3.5575
40384,40409,5.29514
40384,40431,1.03898
40384,40893,5.41686
40384,40894,0.872898
40385,40375,2.3906
40385,40386,2.62174
40385,40402,5.75265
40385,40410,4.47046
40385,40894,8.76011
40386,40077,3.07247
40386,40375,5.88362
40386,40376,4.25152
40386,40385,2.62174
40386,40403,5.00587
40386,40410,4.59952
40386,40411,5.3288
40387,40376,3.69131
40387,40377,4.74445
40387,40403,6.98766
40387,40413,4.52406
40388,39973,5.91811
40388,40362,0.414051
40388,40364,4.55891
40388,40377,2.57364
40388,40378,2.53436
40388,40404,2.74036
40389,39976,1.30679
40389,40353,2.22343
40389,40365,2.80835
40389,40378,2.20716
40389,40379,4.61092
40389,40405,7.72132
40389,40415,3.05648
40390,39974,5.3573
40390,40366,3.15808
40390,40379,6.26998
40390,40380,3.62372
40390,40415,2.80388
40390,40435,1.69787
40390,40831,0
40392,40061,5.32093
40392,40068,4.09685
40392,40070,3.27459
40392,40367,3.27118
40392,40393,3.83486
40393,40061,5.1839
40393,40070,4.06452
40393,40354,0.502665
40393,40381,3.6108
40393,40392,3.83486
40393,40418,5.35283
40393,40437,3.55991
40394,40355,2.48645
40394,40368,3.62889
40394,40381,7.95697
40394,40406,3.85449
40394,40418,1.93369
40394,40420,3.9074
40398,40066,6.38942
40398,40071,5.72857
40398,40372,2.63748
40398,40677,2.14625
40398,40678,4.5368
40399,40170,2.90235
40399,40280,6.61905
40399,40356,8.23887
40399,40468,5.56449
40399,40509,4.7335
40399,40510,5.74373
40402,40384,3.5575
40402,40385,5.75265
40402,40410,0.839493
40402,40431,4.41961
40402,40432,6.2984
40402,40894,0.94561
40403,40077,4.36895
40403,40376,3.42921
40403,40386,5.00587
40403,40387,6.98766
40403,40413,3.04171
40403,40433,3.6089
40404,39973,2.14666
40404,40378,1.37783
40404,40388,2.74036
40404,40405,5.51342
40404,40414,5.84123
40404,40434,0
40405,39976,2.8183
40405,40378,3.24446
40405,40389,7.72132
40405,40404,5.51342
40405,40414,0
40405,40434,5.81389
40406,40368,5.7215
40406,40394,3.85449
40406,40420,7.72216
40406,40465,4.35394
40408,40072,2.51562
40408,40428,0.270843
40408,40429,5.74395
40408,40430,4.83914
40408,40455,0.255638
40408,40674,6.18784
40409,40072,3.15515
40409,40384,5.29514
40409,40430,3.45343
40409,40431,5.1006
40410,40385,4.47046
40410,40386,4.59952
40410,40402,0.839493
40410,40411,6.05475
40410,40432,4.38487
40410,40457,1.5356
40411,40077,4.22196
40411,40386,5.3288
40411,40410,6.05475
40411,40457,4.51198
40411,40475,3.22362
40412,40056,5.29965
40412,40174,3.57892
40412,40175,3.63358
40412,40176,5.49606
40412,40493,7.96987
40412,40521,8.77528
40412,40523,3.33453
40413,39973,5.88209
40413,39975,7.61617
40413,40377,0.448166
40413,40387,4.52406
40413,40403,3.04171
40413,40414,1.59156
40413,40433,5.51507
40414,39973,2.48833
40414,39975,7.14563
40414,40404,5.84123
40414,40405,0
40414,40413,1.59156
40414,40434,5.87524
40415,39976,7.04392
40415,40379,1.75257
40415,40389,3.05648
40415,40390,2.80388
40415,40435,5.34326
40415,40448,1.65445
40416,40299,11.45
40416,40815,5.64914
40416,40816,6.18564
40418,40381,5.72541
40418,40393,5.35283
40418,40394,1.93369
40418,40420,7.58555
40418,40437,2.53892
40418,40451,5.52886
40419,39966,12.941
40419,40073,9.47892
40419,40075,1.07373
40419,40108,4.27564
40419,40168,3.44797
40419,40311,4.10125
40419,40528,6.56422
40420,40394,3.9074
40420,40406,7.72216
40420,40418,7.58555
40420,40439,8.27094
40420,40451,1.69658
40420,40465,2.89364
40422,40074,6.97573
40422,40078,14.1541
40422,40423,9.20184
40422,40469,7.45565
40422,40489,2.30014
40423,40422,9.20184
40423,40469,4.9348
40423,40681,5.91858
40424,40679,3.84276
40424,40680,1.47432
40424,40681,6.03158
40425,40049,9.12599
40425,40075,11.1294
40425,40268,0.835243
40425,40458,8.71034
40425,40533,4.30932
40426,40071,2.56519
40426,40079,1.27718
40426,40444,2.73316
40426,40454,3.34974
40426,40678,3.32556
40426,40679,2.11253
40426,40680,2.23902
40427,40071,2.93421
40427,40428,5.80283
40427,40444,4.03457
40427,40471,2.52574
40427,40676,2.34999
40427,40677,2.46548
40428,40408,0.270843
40428,40427,5.80283
40428,40429,5.65814
40428,40471,3.9009
40428,40674,1.83449
40428,40676,2.9735
40429,40408,5.74395
40429,40428,5.65814
40429,40455,5.19567
40429,40471,1.79727
40429,40497,3.34166
40430,39978,2.95191
40430,40072,2.72978
40430,40408,4.83914
40430,40409,3.45343
40430,40431,3.53537
40430,40455,5.92182
40430,40498,1.46346
40431,39978,2.70771
40431,40384,1.03898
40431,40402,4.41961
40431,40409,5.1006
40431,40430,3.53537
40431,40432,0.430591
40431,40446,5.86704
40432,40402,6.2984
40432,40410,4.38487
40432,40431,0.430591
40432,40446,6.14685
40432,40457,5.41999
40433,39975,1.3065
40433,40077,6.81206
40433,40403,3.6089
40433,40413,5.51507
40433,40476,7.65085
40434,39975,0.444677
40434,39976,3.66858
40434,40404,0
40434,40405,5.81389
40434,40414,5.87524
40434,40461,4.08155
40434,40462,7.42754
40435,39974,5.52424
40435,40390,1.69787
40435,40415,5.34326
40435,40448,4.96535
40437,40070,4.57771
40437,40393,3.55991
40437,40418,2.53892
40437,40451,5.47545
40437,40740,4.77332
