label, neighbor, wall area
7513,7549,6.78462
7513,7735,1.03237
7513,7740,4.63282
7513,7754,5.03743
7513,7841,2.11555
7513,7870,5.50459
7515,7521,3.14279
7515,7522,2.37544
7515,7524,7.08931
7515,7677,7.17113
7515,7679,4.3667
7516,7581,2.57462
7516,7595,4.24029
7516,7663,7.07849
7516,7859,4.61799
7516,7860,2.31714
7517,7621,4.86157
7517,7640,3.36229
7517,7657,8.01298
7517,7811,5.26069
7517,7812,2.10811
7517,7833,2.39611
7517,7835,3.20803
7521,7515,3.14279
7521,7524,3.17612
7521,7525,9.96764
7521,7526,3.49392
7521,7679,2.48989
7521,7686,8.70485
7522,7515,2.37544
7522,7524,3.07085
7522,7580,2.58677
7522,7596,3.17166
7522,7677,2.8377
7522,7699,3.38994
7522,7909,6.14017
7524,7515,7.08931
7524,7521,3.17612
7524,7522,3.07085
7524,7525,3.57608
7524,7690,3.93814
7524,7699,2.49738
7524,7916,1.0182
7524,7965,2.14778
7525,7521,9.96764
7525,7524,3.57608
7525,7526,3.10898
7525,7690,3.96088
7525,7963,9.22304
7526,7521,3.49392
7526,7525,3.10898
7526,7528,8.04633
7526,7686,2.94053
7526,7757,3.81889
7526,7876,4.75298
7526,7963,1.17334
7528,7526,8.04633
7528,7637,5.97409
7528,7757,4.56654
7528,7761,1.80386
7528,7876,2.46144
7528,7962,3.96835
7532,7533,7.64593
7532,7570,3.36632
7532,7620,4.82575
7532,7981,5.32048
7532,7982,3.12808
7533,7532,7.64593
7533,7570,3.98841
7533,7586,8.03103
7533,7620,3.60236
7533,7622,2.31782
7534,7545,7.50704
7534,7804,3.68616
7534,7831,2.83778
7534,7914,6.56702
7534,7949,6.27089
7535,7586,3.5444
7535,7623,6.23659
7535,7626,2.24234
7535,7745,7.78647
7535,7932,0.676654
7536,7538,8.00544
7536,7626,9.1942
7536,7629,2.36384
7536,7745,2.59171
7536,7937,2.87768
7538,7536,8.00544
7538,7629,3.38411
7538,7937,2.71446
7538,7940,8.92952
7538,7941,3.67022
7543,7545,7.99414
7543,7569,6.13059
7543,7729,2.81898
7543,7731,3.31945
7543,7744,2.79941
7543,7799,5.42896
7543,7912,0.812555
7544,7658,8.4173
7544,7663,3.57896
7544,7735,6.02062
7544,7749,2.42777
7544,7763,5.25553
7545,7534,7.50704
7545,7543,7.99414
7545,7601,1.66002
7545,7731,4.05281
7545,7912,4.85425
7545,7914,2.57836
7545,7949,2.68206
7546,7804,4.02374
7546,7831,3.2455
7546,7873,4.90093
7546,7927,0.739963
7546,7951,7.90076
7549,7513,6.78462
7549,7735,5.04965
7549,7740,3.08993
7549,7763,3.2739
7549,7765,6.25036
7553,7556,8.18744
7553,7776,0.783341
7553,7791,4.78465
7553,7792,2.89157
7553,7886,6.1025
7553,7903,5.77742
7556,7553,8.18744
7556,7559,8.622
7556,7755,3.42844
7556,7792,1.77907
7556,7807,0.679434
7556,7903,1.19951
7556,7905,4.73863
7559,7556,8.622
7559,7634,1.85369
7559,7703,7.27168
7559,7755,2.14572
7559,7807,3.55097
7559,7842,4.13979
7562,7740,7.76031
7562,7766,4.70212
7562,7769,6.1865
7562,7877,4.69927
7562,7954,7.08674
7563,7636,5.75286
7563,7681,4.94523
7563,7811,6.24924
7563,7812,5.10985
7563,8007,4.82065
7566,7575,6.80865
7566,7712,6.39906
7566,7995,2.58425
7566,7999,6.23427
7566,8014,1.44013
7569,7543,6.13059
7569,7599,2.53468
7569,7612,6.38359
7569,7799,3.30429
7569,7867,3.49546
7569,7912,6.61736
7570,7532,3.36632
7570,7533,3.98841
7570,7586,0.5028
7570,7932,3.75815
7570,7933,5.91612
7570,7980,3.37266
7570,7981,2.79164
7573,7980,4.43132
7573,7981,4.07156
7573,7982,3.87797
7573,7983,2.70779
7573,8002,4.65888
7573,8003,4.1389
7575,7566,6.80865
7575,7589,7.6035
7575,7712,4.45773
7575,7750,2.04869
7575,7751,3.62886
7575,7851,4.33415
7575,7995,3.9768
7576,7652,7.46657
7576,7780,8.35382
7576,7964,3.20513
7576,7966,0.891262
7576,7967,3.14305
7578,7660,2.29885
7578,7780,7.75325
7578,7845,4.55917
7578,7847,1.6476
7578,7856,2.5338
7578,7897,9.95389
7580,7522,2.58677
7580,7596,3.40137
7580,7677,5.87818
7580,7843,4.37176
7580,7977,9.053
7581,7516,2.57462
7581,7608,6.85567
7581,7663,1.92794
7581,7859,3.76414
7581,7957,4.17839
7581,7958,0.903401
7582,7730,7.53342
7582,7788,3.57838
7582,7941,7.36891
7586,7533,8.03103
7586,7535,3.5444
7586,7570,0.5028
7586,7622,4.3083
7586,7623,2.15041
7586,7932,8.33633
7587,7601,3.49645
7587,7612,4.51082
7587,7879,5.62307
7587,7884,10.8375
7587,8010,2.80956
7588,7679,4.16975
7588,7686,7.72949
7588,7828,3.43221
7589,7575,7.6035
7589,7693,5.10749
7589,7697,2.64421
7589,7776,2.86132
7589,7851,2.94078
7589,7874,3.94593
7589,7902,5.41816
7589,7995,2.24045
7595,7516,4.24029
7595,7663,1.94776
7595,7670,4.2104
7595,7763,2.79819
7595,7860,4.44787
7595,7907,4.51724
7595,7956,2.05721
7596,7522,3.17166
7596,7580,3.40137
7596,7707,2.09469
7596,7793,2.8706
7596,7834,2.2576
7596,7843,9.35917
7596,7909,4.5707
7597,7630,6.674
7597,7634,5.25893
7597,7703,2.70763
7597,7722,5.50416
7597,7813,3.48358
7598,7599,3.88698
7598,7604,3.91635
7598,7769,1.58856
7598,7877,4.89153
7598,7911,8.55106
7599,7569,2.53468
7599,7598,3.88698
7599,7612,3.97972
7599,7773,7.7971
7599,7867,4.0001
7599,7877,3.62562
7599,7911,2.23217
7600,7604,3.30558
7600,7670,2.23457
7600,7765,4.21834
7600,7766,5.67135
7600,7908,5.88276
7600,7956,7.75196
7601,7545,1.66002
7601,7587,3.49645
7601,7602,4.86436
7601,7612,2.43654
7601,7884,0.759644
7601,7912,8.66368
7601,7914,4.75897
7602,7601,4.86436
7602,7606,6.0165
7602,7884,2.40631
7602,7887,3.97437
7602,7914,7.70193
7602,7915,0.286305
7604,7598,3.91635
7604,7600,3.30558
7604,7766,2.41452
7604,7769,7.80287
7604,7796,2.25229
7604,7827,6.18543
7604,7908,3.64963
7604,7911,4.61638
7605,7653,3.32866
7605,7672,3.95603
7605,7701,6.36126
7605,7807,5.15
7606,7602,6.0165
7606,7694,6.6916
7606,7887,1.80092
7606,7888,1.81894
7606,7915,3.72937
7607,7648,7.14741
7607,7743,1.72465
7607,7836,2.27971
7607,7891,2.03992
7607,7971,4.92068
7608,7581,6.85567
7608,7658,1.86902
7608,7660,6.5798
7608,7663,2.42526
7608,7852,4.31994
7608,7958,3.4975
7609,7617,6.27404
7609,7623,5.19344
7609,7626,5.76061
7609,7721,2.00713
7612,7569,6.38359
7612,7587,4.51082
7612,7599,3.97972
7612,7601,2.43654
7612,7773,1.64679
7612,7879,7.21146
7612,7912,2.80835
7617,7609,6.27404
7617,7623,2.60868
7617,7721,2.86437
7617,7775,3.02659
7617,7777,8.07833
7617,7778,2.92713
7617,8004,0.965356
7620,7532,4.82575
7620,7533,3.60236
7620,7622,3.33291
7620,7667,2.66797
7620,7669,8.81654
7620,7982,4.09915
7620,8004,2.53957
7621,7517,4.86157
7621,7640,5.19603
7621,7662,4.53719
7621,7715,6.684
7621,7811,3.91361
7621,7830,1.15945
7622,7533,2.31782
7622,7586,4.3083
7622,7620,3.33291
7622,7623,4.99478
7622,8004,6.64742
7623,7535,6.23659
7623,7586,2.15041
7623,7609,5.19344
7623,7617,2.60868
7623,7622,4.99478
7623,7626,1.73725
7623,8004,3.63254
7626,7535,2.24234
7626,7536,9.1942
7626,7609,5.76061
7626,7623,1.73725
7626,7629,1.58697
7626,7721,3.65439
7626,7745,0.417754
7629,7536,2.36384
7629,7538,3.38411
7629,7626,1.58697
7629,7721,2.64936
7629,7725,5.36319
7629,7730,4.15582
7629,7779,1.80001
7629,7941,5.70075
7630,7597,6.674
7630,7703,4.1307
7630,7808,5.80683
7630,7813,3.6702
7630,7919,4.59667
7634,7559,1.85369
7634,7597,5.25893
7634,7703,3.89507
7634,7722,4.10819
7634,7794,3.74265
7634,7795,0.886785
7634,7842,6.41273
7635,7636,2.9939
7635,7715,2.3963
7635,7822,5.36053
7635,7922,3.6508
7635,7946,3.09441
7635,8006,4.69742
7636,7563,5.75286
7636,7635,2.9939
7636,7681,4.25539
7636,7715,5.1581
7636,7744,2.93083
7636,7811,4.84717
7636,8006,5.94003
7637,7528,5.97409
7637,7823,3.09952
7637,7876,3.89229
7637,7878,6.00746
7637,7896,4.27347
7637,7962,2.50358
7640,7517,3.36229
7640,7621,5.19603
7640,7778,0.530701
7640,7830,3.14261
7640,7833,8.43176
7643,7692,4.08026
7643,7710,7.52884
7643,7904,5.20973
7643,7960,1.84026
7643,7961,3.55838
7648,7607,7.14741
7648,7834,2.02348
7648,7836,1.39635
7648,7891,4.66648
7648,7972,7.77919
7651,7671,4.2497
7651,7713,5.19624
7651,7805,5.16152
7651,7883,5.58294
7652,7576,7.46657
7652,7743,7.78182
7652,7746,3.66932
7652,7916,2.68016
7652,7964,1.61128
7652,7965,2.27541
7652,7967,0.37757
7653,7605,3.32866
7653,7672,4.38015
7653,7701,3.9976
7653,7713,3.66398
7653,7772,7.3749
7653,7825,4.77768
7653,7889,1.21907
7654,7706,3.32833
7654,7810,3.4876
7654,7829,2.82446
7654,7880,8.18584
7654,7889,5.56094
7657,7517,8.01298
7657,7732,1.42799
7657,7812,3.16763
7657,7835,2.90408
7658,7544,8.4173
7658,7608,1.86902
7658,7663,4.68471
7658,7673,2.67505
7658,7742,3.14803
7658,7749,4.8422
7658,7852,7.20776
7660,7578,2.29885
7660,7608,6.5798
7660,7847,7.24628
7660,7852,3.53341
7660,7897,2.27543
7660,7958,1.3377
7662,7621,4.53719
7662,7715,1.59309
7662,7830,4.92308
7662,7880,4.14191
7662,7946,6.6646
7663,7516,7.07849
7663,7544,3.57896
7663,7581,1.92794
7663,7595,1.94776
7663,7608,2.42526
7663,7658,4.68471
7663,7763,3.00718
7667,7620,2.66797
7667,7669,3.9235
7667,7772,3.3264
7667,7824,6.27995
7667,7982,8.7721
7667,7984,5.23952
7669,7620,8.81654
7669,7667,3.9235
7669,7772,4.59766
7669,7774,5.8672
7669,7775,2.04156
7669,8004,2.5343
7670,7595,4.2104
7670,7600,2.23457
7670,7763,6.77887
7670,7765,2.78289
7670,7956,2.40669
7671,7651,4.2497
7671,7697,5.45846
7671,7805,2.80606
7671,7882,6.57249
7671,7883,1.4149
7671,7902,3.16876
7671,7903,4.92189
7672,7605,3.95603
7672,7653,4.38015
7672,7705,4.03614
7672,7807,1.74937
7672,7808,6.15239
7672,7889,2.23119
7673,7658,2.67505
7673,7691,4.99005
7673,7742,3.80871
7673,7757,2.40802
7673,7847,4.06499
7673,7852,6.53508
7677,7515,7.17113
7677,7522,2.8377
7677,7580,5.87818
7677,7679,6.95187
7677,7977,5.37811
7679,7515,4.3667
7679,7521,2.48989
7679,7588,4.16975
7679,7677,6.95187
7679,7686,3.10623
7680,7693,3.29762
7680,7697,6.32648
7680,7882,5.58915
7680,7989,6.32752
7680,7993,3.50435
7681,7563,4.94523
7681,7636,4.25539
7681,7683,5.43679
7681,7731,6.60666
7681,7744,3.97513
7681,7949,2.21149
7681,8007,4.76433
7683,7681,5.43679
7683,7949,6.13966
7683,7950,6.5453
7683,8007,3.92278
7683,8008,1.39064
7686,7521,8.70485
7686,7526,2.94053
7686,7588,7.72949
7686,7679,3.10623
7686,7876,4.41189
7690,7524,3.93814
7690,7525,3.96088
7690,7916,6.5551
7690,7963,4.59423
7690,7964,4.00533
7691,7673,4.99005
7691,7757,4.04111
7691,7845,1.69017
7691,7847,3.73834
7691,7963,10.4783
7692,7643,4.08026
7692,7710,1.73441
7692,7904,5.61431
7692,8017,5.883
7693,7589,5.10749
7693,7680,3.29762
7693,7697,3.58223
7693,7993,3.83013
7693,7995,6.87397
7694,7606,6.6916
7694,7800,4.6111
7694,7888,2.41384
7694,7915,3.50431
7694,8011,6.21028
7697,7589,2.64421
7697,7671,5.45846
7697,7680,6.32648
7697,7693,3.58223
7697,7882,1.31336
7697,7902,3.3333
7699,7522,3.38994
7699,7524,2.49738
7699,7743,2.28043
7699,7793,1.92273
7699,7836,2.0822
7699,7909,4.83362
7699,7965,9.68431
7701,7605,6.36126
7701,7653,3.9976
7701,7713,6.26678
7701,7805,4.96048
7701,7807,4.54863
7701,7905,1.40346
7703,7559,7.27168
7703,7597,2.70763
7703,7630,4.1307
7703,7634,3.89507
7703,7807,6.95591
7703,7808,1.96959
7705,7672,4.03614
7705,7706,4.44954
7705,7808,4.60718
7705,7889,6.9371
7705,7919,2.82624
7706,7654,3.32833
7706,7705,4.44954
7706,7810,6.46882
7706,7889,1.48672
7706,7919,5.84338
7707,7596,2.09469
7707,7834,7.50998
7707,7843,2.57698
7707,7900,5.68129
7707,7972,3.33345
7708,7710,3.91824
7708,7865,7.90547
7708,7870,1.12456
7708,7878,2.49032
7708,7960,7.86009
7708,7962,4.14987
7710,7643,7.52884
7710,7692,1.73441
7710,7708,3.91824
7710,7870,7.43584
7710,7960,1.33682
7710,8017,4.77136
7712,7566,6.39906
7712,7575,4.45773
7712,7750,4.33837
7712,7809,5.00819
7712,8001,3.38446
7712,8014,1.96875
7713,7651,5.19624
7713,7653,3.66398
7713,7701,6.26678
7713,7772,0.905786
7713,7805,1.89014
7713,7824,7.06923
7713,7883,2.26493
7715,7621,6.684
7715,7635,2.3963
7715,7636,5.1581
7715,7662,1.59309
7715,7811,1.79824
7715,7946,4.50176
7720,7781,3.02498
7720,7809,5.70041
7720,7969,0.382815
7720,8001,1.02389
7721,7609,2.00713
7721,7617,2.86437
7721,7626,3.65439
7721,7629,2.64936
7721,7725,4.23786
7721,7778,4.41735
7722,7597,5.50416
7722,7634,4.10819
7722,7723,7.78542
7722,7795,8.41564
7722,7813,2.47163
7722,7827,1.85492
7723,7722,7.78542
7723,7724,11.1453
7723,7813,6.47365
7723,7815,1.54527
7723,7827,3.97148
7724,7723,11.1453
7724,7726,6.02925
7724,7796,6.9158
7724,7815,5.27496
7724,7827,1.38021
7725,7629,5.36319
7725,7721,4.23786
7725,7778,0.870962
7725,7779,2.77104
7725,7833,4.51321
7726,7724,6.02925
7726,7756,8.42151
7726,7796,4.0042
7726,7815,2.63133
7726,7822,1.6609
7728,7927,2.09947
7728,7950,5.19241
7728,7951,3.20647
7728,8008,4.25754
7729,7543,2.81898
7729,7744,8.42682
7729,7756,4.05444
7729,7799,3.97085
7729,8006,4.92003
7730,7582,7.53342
7730,7629,4.15582
7730,7732,4.0316
7730,7779,5.57617
7730,7835,1.04728
7731,7543,3.31945
7731,7545,4.05281
7731,7681,6.60666
7731,7744,7.06976
7731,7949,5.45262
7732,7657,1.42799
7732,7730,4.0316
7732,7835,5.23048
7735,7513,1.03237
7735,7544,6.02062
7735,7549,5.04965
7735,7749,2.61302
7735,7754,6.71269
7735,7763,4.70874
7740,7513,4.63282
7740,7549,3.08993
7740,7562,7.76031
7740,7765,2.29931
7740,7766,2.50786
7740,7770,3.3334
7740,7841,4.639
7740,7954,0.302054
7742,7658,3.14803
7742,7673,3.80871
7742,7749,5.19804
7742,7757,7.57861
7742,7761,1.11099
7743,7607,1.72465
7743,7652,7.78182
7743,7699,2.28043
7743,7746,1.3069
7743,7836,6.17869
7743,7892,1.65709
7743,7965,1.07245
7743,7971,2.32919
7744,7543,2.79941
7744,7636,2.93083
7744,7681,3.97513
7744,7729,8.42682
7744,7731,7.06976
7744,8006,4.39976
7745,7535,7.78647
7745,7536,2.59171
7745,7626,0.417754
7745,7932,1.45519
7745,7936,5.63106
7745,7937,4.22089
7746,7652,3.66932
7746,7743,1.3069
7746,7892,8.30165
7746,7967,7.82973
7746,7969,2.96178
7749,7544,2.42777
7749,7658,4.8422
7749,7735,2.61302
7749,7742,5.19804
7749,7754,5.45928
7749,7761,7.44831
7749,7865,1.96181
7750,7575,2.04869
7750,7712,4.33837
7750,7751,9.02991
7750,7809,2.12298
7750,7966,2.06118
7750,7967,1.17652
7750,7968,7.84371
7751,7575,3.62886
7751,7750,9.02991
7751,7786,1.72291
7751,7851,6.0113
7751,7856,2.91955
7751,7966,1.66635
7753,7806,6.91737
7753,7904,4.96994
7753,7961,3.70589
7753,8015,1.78268
7753,8016,7.33425
7754,7513,5.03743
7754,7735,6.71269
7754,7749,5.45928
7754,7865,5.95228
7754,7870,3.99819
7755,7556,3.42844
7755,7559,2.14572
7755,7792,7.70484
7755,7794,2.62721
7755,7842,5.00173
7755,7860,3.58101
7756,7726,8.42151
7756,7729,4.05444
7756,7796,3.61613
7756,7799,5.25333
7756,7822,1.52447
7756,7867,2.31732
7756,8006,4.58782
7757,7526,3.81889
7757,7528,4.56654
7757,7673,2.40802
7757,7691,4.04111
7757,7742,7.57861
7757,7761,2.59709
7757,7963,2.50025
7761,7528,1.80386
7761,7742,1.11099
7761,7749,7.44831
7761,7757,2.59709
7761,7865,3.10229
7761,7962,8.37297
7763,7544,5.25553
7763,7549,3.2739
7763,7595,2.79819
7763,7663,3.00718
7763,7670,6.77887
7763,7735,4.70874
7763,7765,1.66729
7765,7549,6.25036
7765,7600,4.21834
7765,7670,2.78289
7765,7740,2.29931
7765,7763,1.66729
7765,7766,6.8332
7766,7562,4.70212
7766,7600,5.67135
7766,7604,2.41452
7766,7740,2.50786
7766,7765,6.8332
7766,7769,2.64229
7769,7562,6.1865
7769,7598,1.58856
7769,7604,7.80287
7769,7766,2.64229
7769,7877,7.98174
7770,7740,3.3334
7770,7798,3.68192
7770,7841,5.77832
7770,7954,4.19856
7770,7955,5.33925
7770,8018,4.19338
7772,7653,7.3749
7772,7667,3.3264
7772,7669,4.59766
7772,7713,0.905786
7772,7774,2.62216
7772,7824,4.89282
7772,7825,3.0431
7773,7599,7.7971
7773,7612,1.64679
7773,7877,4.26082
7773,7879,4.85752
7773,7952,2.12584
7773,8009,3.04975
7774,7669,5.8672
7774,7772,2.62216
7774,7775,3.32808
7774,7825,7.33686
7774,7829,4.15863
7774,7889,2.00957
7775,7617,3.02659
7775,7669,2.04156
7775,7774,3.32808
7775,7777,1.91892
7775,7829,7.25266
7775,8004,7.23958
7776,7553,0.783341
7776,7589,2.86132
7776,7874,1.6455
7776,7875,4.6838
7776,7886,4.22992
7776,7902,7.74401
7776,7903,5.43345
7777,7617,8.07833
7777,7775,1.91892
7777,7778,0.860288
7777,7829,3.03311
7777,7830,2.85346
7777,7880,5.81564
7778,7617,2.92713
7778,7640,0.530701
7778,7721,4.41735
7778,7725,0.870962
7778,7777,0.860288
7778,7830,8.60096
7778,7833,4.38221
7779,7629,1.80001
7779,7725,2.77104
7779,7730,5.57617
7779,7833,4.95933
7779,7835,4.78868
7780,7576,8.35382
7780,7578,7.75325
7780,7845,1.74662
7780,7856,3.29401
7780,7964,1.11425
7780,7966,2.4454
7781,7720,3.02498
7781,7969,3.7583
7781,7970,3.08341
7786,7751,1.72291
7786,7787,5.00906
7786,7851,4.51306
7786,7856,7.50254
7786,7897,1.3521
7787,7786,5.00906
7787,7851,2.16724
7787,7874,3.28565
7787,7875,0.824945
7787,7897,3.34678
7787,7959,7.45294
7788,7582,3.57838
7788,7941,2.57433
7788,7943,7.65746
7788,7945,2.42311
7791,7553,4.78465
7791,7792,6.96952
7791,7859,0.714427
7791,7886,5.07946
7791,7957,4.94686
7791,7958,1.11231
7791,7959,7.59172
7792,7553,2.89157
7792,7556,1.77907
7792,7755,7.70484
7792,7791,6.96952
7792,7859,6.02916
7792,7860,1.07515
7793,7596,2.8706
7793,7699,1.92273
7793,7834,4.94641
7793,7836,5.52957
7793,7909,4.03689
7794,7634,3.74265
7794,7755,2.62721
7794,7795,5.42788
7794,7842,4.58893
7794,7860,5.83529
7794,7907,7.51746
7795,7634,0.886785
7795,7722,8.41564
7795,7794,5.42788
7795,7827,2.98986
7795,7907,2.05451
7795,7908,5.17497
7796,7604,2.25229
7796,7724,6.9158
7796,7726,4.0042
7796,7756,3.61613
7796,7827,4.88897
7796,7867,3.7462
7796,7911,6.48381
7798,7770,3.68192
7798,7952,3.24471
7798,7953,0.965441
7798,7954,7.44183
7798,8018,3.31077
7799,7543,5.42896
7799,7569,3.30429
7799,7729,3.97085
7799,7756,5.25333
7799,7867,7.92228
7800,7694,4.6111
7800,7888,3.82686
7800,8011,2.95992
7804,7534,3.68616
7804,7546,4.02374
7804,7831,7.10323
7804,7949,4.09997
7804,7950,3.7064
7804,7951,2.82635
7805,7651,5.16152
7805,7671,2.80606
7805,7701,4.96048
7805,7713,1.89014
7805,7903,6.11972
7805,7905,6.4338
7806,7753,6.91737
7806,7904,7.98091
7806,8015,0.560749
7807,7556,0.679434
7807,7559,3.55097
7807,7605,5.15
7807,7672,1.74937
7807,7701,4.54863
7807,7703,6.95591
7807,7808,3.26308
7807,7905,6.20824
7808,7630,5.80683
7808,7672,6.15239
7808,7703,1.96959
7808,7705,4.60718
7808,7807,3.26308
7808,7919,2.39254
7809,7712,5.00819
7809,7720,5.70041
7809,7750,2.12298
7809,7968,2.81394
7809,7969,0.57344
7809,8001,3.6847
7810,7654,3.4876
7810,7706,6.46882
7810,7880,3.64758
7810,7919,1.96617
7810,7922,6.56802
7810,7946,2.78156
7811,7517,5.26069
7811,7563,6.24924
7811,7621,3.91361
7811,7636,4.84717
7811,7715,1.79824
7811,7812,3.08904
7812,7517,2.10811
7812,7563,5.10985
7812,7657,3.16763
7812,7811,3.08904
7812,8007,5.38897
7812,8008,1.59583
7813,7597,3.48358
7813,7630,3.6702
7813,7722,2.47163
7813,7723,6.47365
7813,7815,4.13895
7813,7919,7.48767
7815,7723,1.54527
7815,7724,5.27496
7815,7726,2.63133
7815,7813,4.13895
7815,7822,5.55454
7815,7919,2.72991
7815,7922,7.50779
7822,7635,5.36053
7822,7726,1.6609
7822,7756,1.52447
7822,7815,5.55454
7822,7922,2.63086
7822,8006,5.98251
7823,7637,3.09952
7823,7828,3.56588
7823,7876,2.39805
7823,7896,7.15759
7823,7928,2.57018
7824,7667,6.27995
7824,7713,7.06923
7824,7772,4.89282
7824,7883,4.89184
7824,7984,3.84702
7825,7653,4.77768
7825,7772,3.0431
7825,7774,7.33686
7825,7889,4.92207
7827,7604,6.18543
7827,7722,1.85492
7827,7723,3.97148
7827,7724,1.38021
7827,7795,2.98986
7827,7796,4.88897
7827,7908,8.21105
7828,7588,3.43221
7828,7823,3.56588
7828,7876,8.86593
7829,7654,2.82446
7829,7774,4.15863
7829,7775,7.25266
7829,7777,3.03311
7829,7880,1.95615
7829,7889,3.93105
7830,7621,1.15945
7830,7640,3.14261
7830,7662,4.92308
7830,7777,2.85346
7830,7778,8.60096
7830,7880,5.20802
7831,7534,2.83778
7831,7546,3.2455
7831,7804,7.10323
7831,7873,2.53368
7831,7914,1.71456
7831,7915,6.6361
7833,7517,2.39611
7833,7640,8.43176
7833,7725,4.51321
7833,7778,4.38221
7833,7779,4.95933
7833,7835,3.38667
7834,7596,2.2576
7834,7648,2.02348
7834,7707,7.50998
7834,7793,4.94641
7834,7836,3.41911
7834,7972,3.09751
7835,7517,3.20803
7835,7657,2.90408
7835,7730,1.04728
7835,7732,5.23048
7835,7779,4.78868
7835,7833,3.38667
7836,7607,2.27971
7836,7648,1.39635
7836,7699,2.0822
7836,7743,6.17869
7836,7793,5.52957
7836,7834,3.41911
7837,7973,2.27893
7837,7974,3.8147
7837,7975,4.80476
7837,7979,6.30535
7841,7513,2.11555
7841,7740,4.639
7841,7770,5.77832
7841,7870,4.58347
7841,7955,2.66907
7842,7559,4.13979
7842,7634,6.41273
7842,7755,5.00173
7842,7794,4.58893
7843,7580,4.37176
7843,7596,9.35917
7843,7707,2.57698
7843,7900,4.0698
7843,7975,8.25854
7843,7976,3.66271
7843,7977,0.714707
7845,7578,4.55917
7845,7691,1.69017
7845,7780,1.74662
7845,7847,7.29429
7845,7963,1.70291
7845,7964,9.40219
7847,7578,1.6476
7847,7660,7.24628
7847,7673,4.06499
7847,7691,3.73834
7847,7845,7.29429
7847,7852,2.35121
7851,7575,4.33415
7851,7589,2.94078
7851,7751,6.0113
7851,7786,4.51306
7851,7787,2.16724
7851,7874,9.35206
7852,7608,4.31994
7852,7658,7.20776
7852,7660,3.53341
7852,7673,6.53508
7852,7847,2.35121
7856,7578,2.5338
7856,7751,2.91955
7856,7780,3.29401
7856,7786,7.50254
7856,7897,1.71703
7856,7966,6.92698
7859,7516,4.61799
7859,7581,3.76414
7859,7791,0.714427
7859,7792,6.02916
7859,7860,5.91647
7859,7957,5.04929
7860,7516,2.31714
7860,7595,4.44787
7860,7755,3.58101
7860,7792,1.07515
7860,7794,5.83529
7860,7859,5.91647
7860,7907,1.938
7865,7708,7.90547
7865,7749,1.96181
7865,7754,5.95228
7865,7761,3.10229
7865,7870,3.26973
7867,7569,3.49546
7867,7599,4.0001
7867,7756,2.31732
7867,7796,3.7462
7867,7799,7.92228
7867,7911,6.64885
7870,7513,5.50459
7870,7708,1.12456
7870,7710,7.43584
7870,7754,3.99819
7870,7841,4.58347
7870,7865,3.26973
7870,7955,4.93422
7870,8017,0.318469
7873,7546,4.90093
7873,7831,2.53368
7873,7915,4.1541
7873,8011,1.34743
7873,8012,2.736
7874,7589,3.94593
7874,7776,1.6455
7874,7787,3.28565
7874,7851,9.35206
7874,7875,7.13109
7875,7776,4.6838
7875,7787,0.824945
7875,7874,7.13109
7875,7886,6.99586
7875,7959,2.82229
7876,7526,4.75298
7876,7528,2.46144
7876,7637,3.89229
7876,7686,4.41189
7876,7823,2.39805
7876,7828,8.86593
7877,7562,4.69927
7877,7598,4.89153
7877,7599,3.62562
7877,7769,7.98174
7877,7773,4.26082
7877,7952,7.56688
7877,7954,0.367232
7878,7637,6.00746
7878,7708,2.49032
7878,7896,4.15941
7878,7960,4.32392
7878,7962,5.37787
7879,7587,5.62307
7879,7612,7.21146
7879,7773,4.85752
7879,8009,4.53041
7879,8010,5.12858
7880,7654,8.18584
7880,7662,4.14191
7880,7777,5.81564
7880,7810,3.64758
7880,7829,1.95615
7880,7830,5.20802
7880,7946,1.93322
7882,7671,6.57249
7882,7680,5.58915
7882,7697,1.31336
7882,7883,5.29328
7882,7984,2.20396
7882,7988,6.83418
7882,7989,1.00414
7883,7651,5.58294
7883,7671,1.4149
7883,7713,2.26493
7883,7824,4.89184
7883,7882,5.29328
7883,7984,5.95406
7884,7587,10.8375
7884,7601,0.759644
7884,7602,2.40631
7884,7887,9.2699
7886,7553,6.1025
7886,7776,4.22992
7886,7791,5.07946
7886,7875,6.99586
7886,7959,0.989496
7887,7602,3.97437
7887,7606,1.80092
7887,7884,9.2699
7887,7888,8.77161
7888,7606,1.81894
7888,7694,2.41384
7888,7800,3.82686
7888,7887,8.77161
7889,7653,1.21907
7889,7654,5.56094
7889,7672,2.23119
7889,7705,6.9371
7889,7706,1.48672
7889,7774,2.00957
7889,7825,4.92207
7889,7829,3.93105
7891,7607,2.03992
7891,7648,4.66648
7891,7970,4.41781
7891,7971,5.0215
7892,7743,1.65709
7892,7746,8.30165
7892,7969,1.78513
7892,7970,1.47807
7892,7971,9.30645
7896,7637,4.27347
7896,7823,7.15759
7896,7878,4.15941
7896,7928,3.8003
7896,7960,2.57054
7896,7961,3.73076
7896,8016,4.17437
7897,7578,9.95389
7897,7660,2.27543
7897,7786,1.3521
7897,7787,3.34678
7897,7856,1.71703
7897,7958,9.20012
7897,7959,2.38661
7900,7707,5.68129
7900,7843,4.0698
7900,7972,2.33651
7900,7973,7.32021
7900,7975,2.45798
7902,7589,5.41816
7902,7671,3.16876
7902,7697,3.3333
7902,7776,7.74401
7902,7903,3.94312
7903,7553,5.77742
7903,7556,1.19951
7903,7671,4.92189
7903,7776,5.43345
7903,7805,6.11972
7903,7902,3.94312
7903,7905,5.28093
7904,7643,5.20973
7904,7692,5.61431
7904,7753,4.96994
7904,7806,7.98091
7904,7961,3.21461
7905,7556,4.73863
7905,7701,1.40346
7905,7805,6.4338
7905,7807,6.20824
7905,7903,5.28093
7907,7595,4.51724
7907,7794,7.51746
7907,7795,2.05451
7907,7860,1.938
7907,7908,1.05052
7907,7956,8.74005
7908,7600,5.88276
7908,7604,3.64963
7908,7795,5.17497
7908,7827,8.21105
7908,7907,1.05052
7908,7956,2.8663
7909,7522,6.14017
7909,7596,4.5707
7909,7699,4.83362
7909,7793,4.03689
7911,7598,8.55106
7911,7599,2.23217
7911,7604,4.61638
7911,7796,6.48381
7911,7867,6.64885
7912,7543,0.812555
7912,7545,4.85425
7912,7569,6.61736
7912,7601,8.66368
7912,7612,2.80835
7914,7534,6.56702
7914,7545,2.57836
7914,7601,4.75897
7914,7602,7.70193
7914,7831,1.71456
7914,7915,4.90327
7915,7602,0.286305
7915,7606,3.72937
7915,7694,3.50431
7915,7831,6.6361
7915,7873,4.1541
7915,7914,4.90327
7915,8011,1.24267
7916,7524,1.0182
7916,7652,2.68016
7916,7690,6.5551
7916,7964,6.60026
7916,7965,8.3973
7919,7630,4.59667
7919,7705,2.82624
7919,7706,5.84338
7919,7808,2.39254
7919,7810,1.96617
7919,7813,7.48767
7919,7815,2.72991
7919,7922,3.20076
7922,7635,3.6508
7922,7810,6.56802
7922,7815,7.50779
7922,7822,2.63086
7922,7919,3.20076
7922,7946,6.27542
7927,7546,0.739963
7927,7728,2.09947
7927,7951,8.52609
7928,7823,2.57018
7928,7896,3.8003
7928,8015,1.14505
7928,8016,6.09485
7932,7535,0.676654
7932,7570,3.75815
7932,7586,8.33633
7932,7745,1.45519
7932,7933,8.52921
7932,7936,2.44468
7933,7570,5.91612
7933,7932,8.52921
7933,7934,8.7059
7933,7936,3.57103
7934,7933,8.7059
7934,7935,6.77662
7934,7936,2.86447
7935,7934,6.77662
7935,7936,3.40899
7935,7937,2.67693
7935,7938,8.04565
7936,7745,5.63106
7936,7932,2.44468
7936,7933,3.57103
7936,7934,2.86447
7936,7935,3.40899
7936,7937,8.19948
7937,7536,2.87768
7937,7538,2.71446
7937,7745,4.22089
7937,7935,2.67693
7937,7936,8.19948
7937,7938,5.84031
7937,7940,4.94748
7938,7935,8.04565
7938,7937,5.84031
7938,7939,11.6469
7938,7940,2.41815
7939,7938,11.6469
7939,7940,7.07819
7939,7942,2.74242
7939,7944,11.0354
7940,7538,8.92952
7940,7937,4.94748
7940,7938,2.41815
7940,7939,7.07819
7940,7941,4.53049
7940,7942,3.83574
7941,7538,3.67022
7941,7582,7.36891
7941,7629,5.70075
7941,7788,2.57433
7941,7940,4.53049
7941,7942,2.03986
7941,7943,2.17789
7942,7939,2.74242
7942,7940,3.83574
7942,7941,2.03986
7942,7943,7.43568
7942,7944,3.59254
7942,7945,0
7943,7788,7.65746
7943,7941,2.17789
7943,7942,7.43568
7943,7944,0
7943,7945,4.32601
7944,7939,11.0354
7944,7942,3.59254
7944,7943,0
7944,7945,6.10821
7945,7788,2.42311
7945,7942,0
7945,7943,4.32601
7945,7944,6.10821
7946,7635,3.09441
7946,7662,6.6646
7946,7715,4.50176
7946,7810,2.78156
7946,7880,1.93322
7946,7922,6.27542
7949,7534,6.27089
7949,7545,2.68206
7949,7681,2.21149
7949,7683,6.13966
7949,7731,5.45262
7949,7804,4.09997
7949,7950,4.10738
7950,7683,6.5453
7950,7728,5.19241
7950,7804,3.7064
7950,7949,4.10738
7950,7951,5.75768
7950,8008,0.783835
7951,7546,7.90076
7951,7728,3.20647
7951,7804,2.82635
7951,7927,8.52609
7951,7950,5.75768
7952,7773,2.12584
7952,7798,3.24471
7952,7877,7.56688
7952,7953,5.42717
7952,7954,4.36483
7952,8009,7.65294
7953,7798,0.965441
7953,7952,5.42717
7953,8009,1.22029
7954,7562,7.08674
7954,7740,0.302054
7954,7770,4.19856
7954,7798,7.44183
7954,7877,0.367232
7954,7952,4.36483
7955,7770,5.33925
7955,7841,2.66907
7955,7870,4.93422
7955,8017,9.68067
7955,8018,2.50992
7956,7595,2.05721
7956,7600,7.75196
7956,7670,2.40669
7956,7907,8.74005
7956,7908,2.8663
7957,7581,4.17839
7957,7791,4.94686
7957,7859,5.04929
7957,7958,7.66161
7958,7581,0.903401
7958,7608,3.4975
7958,7660,1.3377
7958,7791,1.11231
7958,7897,9.20012
7958,7957,7.66161
7958,7959,3.51224
7959,7787,7.45294
7959,7791,7.59172
7959,7875,2.82229
7959,7886,0.989496
7959,7897,2.38661
7959,7958,3.51224
7960,7643,1.84026
7960,7708,7.86009
7960,7710,1.33682
7960,7878,4.32392
7960,7896,2.57054
7960,7961,9.73506
7961,7643,3.55838
7961,7753,3.70589
7961,7896,3.73076
7961,7904,3.21461
7961,7960,9.73506
7961,8016,3.15653
7962,7528,3.96835
7962,7637,2.50358
7962,7708,4.14987
7962,7761,8.37297
7962,7878,5.37787
7963,7525,9.22304
7963,7526,1.17334
7963,7690,4.59423
7963,7691,10.4783
7963,7757,2.50025
7963,7845,1.70291
7963,7964,1.03038
7964,7576,3.20513
7964,7652,1.61128
7964,7690,4.00533
7964,7780,1.11425
7964,7845,9.40219
7964,7916,6.60026
7964,7963,1.03038
7965,7524,2.14778
7965,7652,2.27541
7965,7699,9.68431
7965,7743,1.07245
7965,7916,8.3973
7966,7576,0.891262
7966,7750,2.06118
7966,7751,1.66635
7966,7780,2.4454
7966,7856,6.92698
7966,7967,9.17461
7967,7576,3.14305
7967,7652,0.37757
7967,7746,7.82973
7967,7750,1.17652
7967,7966,9.17461
7967,7968,2.77238
7967,7969,0.917975
7968,7750,7.84371
7968,7809,2.81394
7968,7967,2.77238
7968,7969,9.63519
7969,7720,0.382815
7969,7746,2.96178
7969,7781,3.7583
7969,7809,0.57344
7969,7892,1.78513
7969,7967,0.917975
7969,7968,9.63519
7969,7970,5.35119
7970,7781,3.08341
7970,7891,4.41781
7970,7892,1.47807
7970,7969,5.35119
7970,7971,1.51873
7971,7607,4.92068
7971,7743,2.32919
7971,7891,5.0215
7971,7892,9.30645
7971,7970,1.51873
7972,7648,7.77919
7972,7707,3.33345
7972,7834,3.09751
7972,7900,2.33651
7973,7837,2.27893
7973,7900,7.32021
7973,7974,2.33165
7973,7975,6.18903
7974,7837,3.8147
7974,7973,2.33165
7975,7837,4.80476
7975,7843,8.25854
7975,7900,2.45798
7975,7973,6.18903
7975,7976,8.20343
7975,7979,3.31915
7976,7843,3.66271
7976,7975,8.20343
7976,7977,8.46316
7976,7978,4.52471
7976,7979,3.97681
7977,7580,9.053
7977,7677,5.37811
7977,7843,0.714707
7977,7976,8.46316
7977,7978,4.90477
7978,7976,4.52471
7978,7977,4.90477
7979,7837,6.30535
7979,7975,3.31915
7979,7976,3.97681
7980,7570,3.37266
7980,7573,4.43132
7980,7981,8.71504
7981,7532,5.32048
7981,7570,2.79164
7981,7573,4.07156
7981,7980,8.71504
7981,7982,7.78021
7982,7532,3.12808
7982,7573,3.87797
7982,7620,4.09915
7982,7667,8.7721
7982,7981,7.78021
7982,7983,5.42877
7982,7984,1.00051
7983,7573,2.70779
7983,7982,5.42877
7983,7984,9.47852
7983,7987,3.75103
7983,7988,3.00438
7983,8002,6.39756
7984,7667,5.23952
7984,7824,3.84702
7984,7882,2.20396
7984,7883,5.95406
7984,7982,1.00051
7984,7983,9.47852
7984,7988,2.77538
7986,7987,4.0309
7986,7990,6.17524
7986,7991,2.61712
7986,8002,0.807334
7986,8003,3.70899
7987,7983,3.75103
7987,7986,4.0309
7987,7988,6.50411
7987,7989,2.51138
7987,7990,6.84439
7987,8002,7.39726
7988,7882,6.83418
7988,7983,3.00438
7988,7984,2.77538
7988,7987,6.50411
7988,7989,6.34624
7989,7680,6.32752
7989,7882,1.00414
7989,7987,2.51138
7989,7988,6.34624
7989,7990,6.47701
7989,7992,3.41717
7989,7993,5.78652
7990,7986,6.17524
7990,7987,6.84439
7990,7989,6.47701
7990,7991,3.752
7990,7992,5.89277
7991,7986,2.61712
7991,7990,3.752
7991,7992,8.41548
7991,7996,3.92229
7992,7989,3.41717
7992,7990,5.89277
7992,7991,8.41548
7992,7993,4.39301
7992,7994,2.63213
7992,7996,5.00488
7993,7680,3.50435
7993,7693,3.83013
7993,7989,5.78652
7993,7992,4.39301
7993,7994,8.60582
7993,7995,2.06139
7994,7992,2.63213
7994,7993,8.60582
7994,7995,4.70275
7994,7996,7.36911
7994,7997,2.39009
7994,7999,5.05648
7995,7566,2.58425
7995,7575,3.9768
7995,7589,2.24045
7995,7693,6.87397
7995,7993,2.06139
7995,7994,4.70275
7995,7999,3.81673
7996,7991,3.92229
7996,7992,5.00488
7996,7994,7.36911
7996,7997,6.8115
7996,8013,4.14502
7997,7994,2.39009
7997,7996,6.8115
7997,7999,4.75927
7997,8013,7.50041
7997,8014,1.75018
7999,7566,6.23427
7999,7994,5.05648
7999,7995,3.81673
7999,7997,4.75927
7999,8014,6.66382
8001,7712,3.38446
8001,7720,1.02389
8001,7809,3.6847
8001,8014,5.46353
8002,7573,4.65888
8002,7983,6.39756
8002,7986,0.807334
8002,7987,7.39726
8002,8003,7.10934
8003,7573,4.1389
8003,7986,3.70899
8003,8002,7.10934
8004,7617,0.965356
8004,7620,2.53957
8004,7622,6.64742
8004,7623,3.63254
8004,7669,2.5343
8004,7775,7.23958
8006,7635,4.69742
8006,7636,5.94003
8006,7729,4.92003
8006,7744,4.39976
8006,7756,4.58782
8006,7822,5.98251
8007,7563,4.82065
8007,7681,4.76433
8007,7683,3.92278
8007,7812,5.38897
8007,8008,6.29772
8008,7683,1.39064
8008,7728,4.25754
8008,7812,1.59583
8008,7950,0.783835
8008,8007,6.29772
8009,7773,3.04975
8009,7879,4.53041
8009,7952,7.65294
8009,7953,1.22029
8009,8010,3.54226
8010,7587,2.80956
8010,7879,5.12858
8010,8009,3.54226
8011,7694,6.21028
8011,7800,2.95992
8011,7873,1.34743
8011,7915,1.24267
8011,8012,4.26049
8012,7873,2.736
8012,8011,4.26049
8013,7996,4.14502
8013,7997,7.50041
8013,8014,6.81486
8014,7566,1.44013
8014,7712,1.96875
8014,7997,1.75018
8014,7999,6.66382
8014,8001,5.46353
8014,8013,6.81486
8015,7753,1.78268
8015,7806,0.560749
8015,7928,1.14505
8015,8016,3.21744
8016,7753,7.33425
8016,7896,4.17437
8016,7928,6.09485
8016,7961,3.15653
8016,8015,3.21744
8017,7692,5.883
8017,7710,4.77136
8017,7870,0.318469
8017,7955,9.68067
8017,8018,1.01752
8018,7770,4.19338
8018,7798,3.31077
8018,7955,2.50992
8018,8017,1.01752
