label, neighbor, wall area
1966,2041,3.34204
1966,2062,0.185269
1966,2063,3.12561
1966,2148,5.37305
1966,2359,6.47838
1966,2362,4.57171
1967,2082,4.59443
1967,2180,4.24366
1967,2417,7.30627
1969,2042,1.83407
1969,2161,4.33277
1969,2255,3.67792
1969,2257,2.80177
1969,2327,2.93861
1969,2423,6.67287
1969,2424,2.49077
1970,2139,3.44302
1970,2296,2.80875
1970,2400,2.51056
1970,2402,3.47407
1971,2080,2.63191
1971,2183,0.976021
1972,2006,6.78159
1972,2144,2.91562
1972,2304,3.57512
1976,2053,1.52446
1976,2245,5.48603
1976,2248,5.49637
1976,2343,3.33316
1976,2345,5.43488
1977,2111,8.32771
1977,2155,3.82528
1977,2209,2.71784
1977,2235,7.59229
1977,2310,5.93959
1977,2375,2.85009
1979,1991,4.14281
1979,2004,4.09423
1979,2007,4.96316
1979,2065,5.2578
1979,2177,2.04054
1979,2216,3.14249
1979,2240,1.03402
1980,2002,6.9369
1980,2165,4.72875
1980,2279,1.03989
1980,2403,3.86774
1980,2404,6.33478
1980,2407,2.34747
1980,2408,3.77185
1981,2016,4.73359
1981,2104,2.66547
1981,2124,6.79645
1981,2222,3.03025
1981,2262,3.7552
1981,2285,3.33546
1983,2008,3.29074
1983,2440,4.34815
1983,2443,2.93888
1985,2092,6.5986
1985,2117,4.87086
1985,2174,2.97984
1985,2256,4.46826
1985,2346,5.48334
1986,1992,5.98863
1986,2009,1.37049
1986,2062,2.34642
1986,2110,3.62466
1986,2206,1.71365
1986,2371,8.72684
1987,2235,5.7693
1987,2375,1.40161
1988,2099,4.47778
1988,2132,3.99803
1988,2171,1.56487
1988,2242,3.84358
1988,2266,3.27285
1988,2286,6.37922
1989,2255,1.92705
1989,2281,5.02791
1989,2424,3.03626
1990,2006,8.01251
1990,2025,3.07333
1990,2085,1.23858
1990,2195,3.81591
1990,2282,4.9414
1990,2304,1.38584
1990,2426,5.18025
1991,1979,4.14281
1991,2004,5.36524
1991,2150,2.06167
1991,2240,2.77275
1992,1986,5.98863
1992,2045,4.42527
1992,2062,1.01342
1992,2063,4.3267
1992,2110,1.36784
1992,2123,3.72867
1995,2128,5.33543
1995,2334,3.52458
1995,2436,1.38785
1995,2437,1.92556
1997,2011,6.77466
1997,2040,4.33511
1997,2059,3.23362
1997,2100,1.3445
1997,2198,3.67265
1998,2049,4.15747
1998,2160,7.94752
1998,2243,1.93739
1998,2349,8.04586
1998,2351,1.18403
2001,2089,4.53832
2001,2212,3.24653
2001,2337,3.84409
2001,2338,3.26688
2001,2345,6.5973
2002,1980,6.9369
2002,2227,2.45504
2002,2279,3.74911
2002,2406,5.41281
2002,2407,3.91751
2004,1979,4.09423
2004,1991,5.36524
2004,2019,1.88627
2004,2150,2.88539
2004,2216,2.25259
2004,2319,4.28855
2004,2321,4.49214
2006,1972,6.78159
2006,1990,8.01251
2006,2195,4.03317
2006,2304,0.860596
2007,1979,4.96316
2007,2067,1.48713
2007,2146,6.36165
2007,2177,3.76716
2007,2186,2.88927
2007,2216,3.6043
2007,2309,3.30426
2008,1983,3.29074
2008,2064,1.54103
2008,2437,2.84696
2008,2438,4.00448
2008,2439,3.75064
2008,2440,1.98908
2009,1986,1.37049
2009,2088,1.70639
2009,2189,7.01241
2009,2206,9.14886
2009,2371,3.93881
2010,2110,2.0931
2010,2206,6.84673
2010,2356,7.70409
2010,2379,1.84533
2010,2380,1.49985
2011,1997,6.77466
2011,2059,2.92121
2011,2095,2.51864
2011,2100,1.95417
2011,2130,1.59429
2011,2267,4.38446
2011,2302,4.61506
2012,2097,3.38635
2012,2142,4.70188
2012,2150,5.67869
2012,2153,2.94634
2012,2300,0.25802
2012,2363,1.94938
2012,2434,4.19127
2014,2162,5.67108
2014,2244,5.71435
2014,2271,3.57649
2014,2421,2.98913
2014,2453,6.13498
2015,2104,1.38297
2015,2114,4.18202
2015,2201,3.80724
2015,2221,3.26798
2015,2227,2.17056
2015,2258,3.62691
2015,2260,1.81189
2015,2261,0.779975
2016,1981,4.73359
2016,2018,3.99484
2016,2202,3.99506
2016,2203,6.90904
2016,2222,2.03027
2016,2262,4.21971
2017,2160,5.4095
2017,2179,6.00608
2017,2335,5.81771
2017,2351,5.6928
2018,2016,3.99484
2018,2106,4.59864
2018,2203,4.35855
2018,2246,6.27108
2018,2262,2.64646
2018,2398,3.44784
2019,2004,1.88627
2019,2048,6.87434
2019,2064,3.91435
2019,2216,3.96284
2019,2321,4.63009
2020,2102,4.63356
2020,2103,3.74047
2020,2220,6.80661
2020,2244,2.34171
2020,2272,5.5347
2020,2273,8.55925
2021,2116,4.58528
2021,2224,6.30264
2021,2249,6.82365
2021,2276,2.4598
2021,2391,1.00673
2021,2392,4.47075
2021,2393,2.12868
2022,2224,4.98242
2022,2249,4.26606
2022,2384,3.47204
2022,2385,3.1655
2022,2388,1.72484
2022,2450,3.73872
2025,1990,3.07333
2025,2219,2.56882
2025,2304,10.8253
2025,2324,5.46045
2025,2426,5.97969
2027,2039,7.34167
2027,2040,2.96275
2027,2108,6.38723
2027,2120,2.01708
2027,2243,4.41879
2028,2082,6.37409
2028,2162,5.43096
2028,2180,2.94716
2028,2191,3.31386
2028,2413,2.38693
2028,2415,4.8568
2032,2113,1.84198
2032,2270,2.35326
2032,2447,6.97773
2034,2037,4.68242
2034,2046,3.20663
2034,2276,6.83445
2034,2289,2.29548
2036,2044,2.74073
2036,2124,1.43571
2036,2274,5.05263
2036,2275,3.12865
2036,2315,6.77973
2036,2330,4.00222
2037,2034,4.68242
2037,2046,4.02029
2037,2136,4.81584
2037,2212,1.98851
2037,2276,0.591568
2037,2336,4.85542
2038,2067,4.84782
2038,2101,4.98609
2038,2186,0.784194
2038,2229,5.04323
2038,2355,6.24088
2039,2027,7.34167
2039,2040,1.95289
2039,2058,3.87219
2039,2059,5.22651
2039,2120,3.15554
2039,2130,0.66341
2039,2147,3.63675
2040,1997,4.33511
2040,2027,2.96275
2040,2039,1.95289
2040,2059,5.157
2040,2108,3.28297
2040,2137,6.10755
2040,2198,3.31549
2041,1966,3.34204
2041,2148,0.897729
2041,2193,4.24357
2041,2362,6.32893
2042,1969,1.83407
2042,2134,2.44701
2042,2140,6.30288
2042,2141,1.42662
2042,2327,6.09434
2042,2423,4.02051
2043,2071,2.82773
2043,2081,2.19305
2043,2186,3.10508
2043,2309,2.81258
2043,2314,8.04448
2043,2355,5.54577
2043,2444,4.70938
2044,2036,2.74073
2044,2164,4.37526
2044,2274,2.81328
2044,2283,6.10503
2044,2301,1.19598
2044,2330,3.01037
2044,2348,2.78333
2045,1992,4.42527
2045,2063,1.89297
2045,2070,2.47199
2045,2111,2.09193
2045,2123,4.95693
2045,2155,4.53837
2045,2372,6.6978
2046,2034,3.20663
2046,2037,4.02029
2046,2212,5.94622
2046,2289,5.32518
2046,2337,6.52007
2048,2019,6.87434
2048,2064,0.281734
2048,2216,2.70558
2048,2364,6.03029
2048,2439,2.89741
2048,2441,3.54857
2049,1998,4.15747
2049,2099,3.2611
2049,2120,0.192212
2049,2132,2.9498
2049,2178,4.11209
2049,2225,5.98121
2049,2243,4.50849
2049,2349,3.94926
2053,1976,1.52446
2053,2179,2.96403
2053,2212,7.90649
2053,2336,2.92929
2053,2343,7.11599
2053,2345,3.23958
2054,2161,8.52012
2054,2163,4.42618
2054,2257,3.02933
2054,2324,5.44553
2054,2328,3.14997
2054,2347,2.52846
2056,2135,1.83173
2056,2164,3.50208
2056,2301,2.77651
2056,2328,6.66326
2056,2341,2.99599
2056,2347,2.21844
2057,2085,4.1231
2057,2091,2.57408
2057,2214,4.24559
2057,2254,3.42843
2057,2265,1.03948
2057,2282,2.30183
2057,2307,6.74344
2058,2039,3.87219
2058,2130,5.73803
2058,2147,6.9785
2058,2256,6.96877
2058,2284,2.65861
2058,2332,1.5863
2059,1997,3.23362
2059,2011,2.92121
2059,2039,5.22651
2059,2040,5.157
2059,2130,5.55816
2060,2077,5.13121
2060,2158,0.237206
2060,2187,7.56146
2060,2189,3.96364
2060,2190,5.01809
2060,2204,2.38065
2062,1966,0.185269
2062,1986,2.34642
2062,1992,1.01342
2062,2063,6.23082
2062,2359,5.79178
2062,2371,3.70513
2063,1966,3.12561
2063,1992,4.3267
2063,2045,1.89297
2063,2062,6.23082
2063,2070,3.85489
2063,2362,1.83039
2064,2008,1.54103
2064,2019,3.91435
2064,2048,0.281734
2064,2128,2.15298
2064,2173,3.13394
2064,2321,2.49623
2064,2437,6.02701
2064,2439,7.62118
2065,1979,5.2578
2065,2176,1.80563
2065,2177,4.49976
2065,2240,5.8754
2065,2267,1.88937
2065,2302,5.94483
2067,2007,1.48713
2067,2038,4.84782
2067,2146,3.46052
2067,2186,5.96644
2067,2229,1.45679
2067,2269,3.20086
2070,2045,2.47199
2070,2063,3.85489
2070,2152,2.06745
2070,2362,6.54202
2070,2372,5.12205
2070,2373,3.16249
2071,2043,2.82773
2071,2309,3.73675
2071,2364,6.40067
2071,2442,2.44246
2071,2444,4.26264
2072,2078,0.917551
2072,2138,4.14181
2072,2368,5.93073
2072,2459,4.83739
2073,2172,8.7848
2073,2231,3.76853
2073,2234,0.90693
2073,2294,3.85558
2073,2342,4.4098
2073,2365,1.25432
2074,2127,5.63272
2074,2184,0.47899
2074,2191,5.51302
2074,2217,4.51584
2074,2413,7.17049
2077,2060,5.13121
2077,2088,4.78874
2077,2158,6.12945
2077,2189,1.19958
2077,2368,4.12194
2078,2072,0.917551
2078,2088,3.20768
2078,2368,4.7704
2078,2379,3.38156
2078,2380,1.44751
2078,2459,5.32673
2080,1971,2.63191
2080,2183,1.46389
2080,2310,7.43268
2080,2376,3.78434
2080,2377,1.73289
2080,2378,0.540896
2081,2043,2.19305
2081,2101,2.22115
2081,2314,1.65257
2081,2355,4.34318
2081,2361,7.25038
2081,2366,1.91323
2082,1967,4.59443
2082,2028,6.37409
2082,2180,8.6821
2082,2415,1.63185
2082,2416,6.77633
2082,2417,3.5786
2085,1990,1.23858
2085,2057,4.1231
2085,2091,4.21498
2085,2195,4.7891
2085,2282,7.08463
2088,2009,1.70639
2088,2077,4.78874
2088,2078,3.20768
2088,2189,5.85735
2088,2206,3.17263
2088,2368,1.43067
2088,2380,5.23424
2089,2001,4.53832
2089,2190,2.87317
2089,2230,4.97906
2089,2250,2.27419
2089,2338,2.80295
2089,2345,4.86772
2090,2091,7.28911
2090,2195,2.41137
2090,2427,2.50846
2091,2057,2.57408
2091,2085,4.21498
2091,2090,7.28911
2091,2195,2.57507
2091,2214,7.26443
2091,2427,2.69578
2092,1985,6.5986
2092,2174,5.32717
2092,2215,6.40871
2092,2254,2.70907
2092,2256,4.78151
2093,2097,3.66186
2093,2298,5.03079
2093,2308,6.25232
2093,2430,3.31557
2093,2432,1.8752
2094,2106,6.82482
2094,2116,1.09571
2094,2392,4.90001
2094,2393,4.96468
2094,2397,4.02425
2094,2398,2.01308
2095,2011,2.51864
2095,2117,5.6175
2095,2130,4.6757
2095,2176,1.50952
2095,2302,4.86008
2097,2012,3.38635
2097,2093,3.66186
2097,2153,7.45091
2097,2298,3.02194
2097,2300,6.90782
2097,2432,2.04842
2099,1988,4.47778
2099,2049,3.2611
2099,2120,2.76298
2099,2132,3.49997
2099,2225,7.12273
2099,2266,5.19854
2099,2284,4.18586
2100,1997,1.3445
2100,2011,1.95417
2100,2146,3.0766
2100,2177,2.03393
2100,2198,7.65239
2100,2267,4.71657
2100,2269,3.24662
2100,2339,3.52409
2101,2038,4.98609
2101,2081,2.22115
2101,2229,2.54154
2101,2342,1.09489
2101,2355,1.46835
2101,2366,6.8341
2101,2369,5.94762
2102,2020,4.63356
2102,2162,5.06
2102,2191,3.47201
2102,2220,5.20801
2102,2244,7.29145
2103,2020,3.74047
2103,2135,1.51967
2103,2199,0.267949
2103,2220,4.00885
2103,2221,7.3434
2103,2260,6.82968
2103,2273,3.76469
2104,1981,2.66547
2104,2015,1.38297
2104,2114,5.7492
2104,2124,1.81175
2104,2201,3.41866
2104,2222,7.7115
2104,2275,2.46922
2106,2018,4.59864
2106,2094,6.82482
2106,2116,2.33766
2106,2126,5.78876
2106,2246,1.75686
2106,2398,2.9043
2108,2027,6.38723
2108,2040,3.28297
2108,2137,4.12025
2108,2160,3.91796
2108,2228,7.81716
2108,2243,2.35421
2109,2172,0.169303
2109,2204,3.90692
2109,2230,4.31512
2109,2365,8.58617
2109,2370,9.29719
2110,1986,3.62466
2110,1992,1.36784
2110,2010,2.0931
2110,2123,5.92801
2110,2206,3.59985
2110,2356,2.20156
2111,1977,8.32771
2111,2045,2.09193
2111,2123,6.23427
2111,2155,5.575
2111,2209,3.78002
2111,2356,4.22689
2112,2180,9.22326
2112,2453,4.92669
2112,2454,2.57425
2113,2032,1.84198
2113,2193,3.49579
2113,2447,2.37707
2113,2448,2.68491
2114,2015,4.18202
2114,2104,5.7492
2114,2261,5.54479
2114,2274,2.5857
2114,2275,5.29212
2115,2238,6.70011
2115,2263,5.162
2115,2278,5.21929
2115,2280,5.98021
2115,2281,5.69246
2116,2021,4.58528
2116,2094,1.09571
2116,2106,2.33766
2116,2126,4.14408
2116,2136,1.48515
2116,2276,5.72521
2116,2393,4.8736
2117,1985,4.87086
2117,2095,5.6175
2117,2130,4.25496
2117,2176,3.46897
2117,2256,2.03679
2117,2346,3.38944
2120,2027,2.01708
2120,2039,3.15554
2120,2049,0.192212
2120,2099,2.76298
2120,2147,3.0952
2120,2225,4.41765
2120,2243,6.58477
2120,2284,4.73889
2121,2228,4.91841
2121,2245,2.83452
2121,2268,1.68011
2121,2335,3.78401
2121,2343,6.69416
2123,1992,3.72867
2123,2045,4.95693
2123,2110,5.92801
2123,2111,6.23427
2123,2356,1.99713
2124,1981,6.79645
2124,2036,1.43571
2124,2104,1.81175
2124,2275,6.21637
2124,2285,5.40929
2124,2315,1.18345
2125,2126,6.53095
2125,2246,3.98558
2125,2287,3.32966
2125,2288,7.25055
2126,2106,5.78876
2126,2116,4.14408
2126,2125,6.53095
2126,2136,5.21072
2126,2246,3.43538
2126,2288,0.311799
2127,2074,5.63272
2127,2184,3.96698
2127,2191,0.969149
2127,2199,6.29007
2127,2220,5.35067
2128,1995,5.33543
2128,2064,2.15298
2128,2173,7.69723
2128,2334,3.04422
2128,2437,4.67881
2130,2011,1.59429
2130,2039,0.66341
2130,2058,5.73803
2130,2059,5.55816
2130,2095,4.6757
2130,2117,4.25496
2130,2256,2.83903
2132,1988,3.99803
2132,2049,2.9498
2132,2099,3.49997
2132,2171,6.40884
2132,2178,5.23525
2134,2042,2.44701
2134,2140,2.55253
2134,2271,6.93867
2134,2272,0.538967
2134,2299,3.50168
2134,2423,3.09664
2135,2056,1.83173
2135,2103,1.51967
2135,2141,4.99825
2135,2260,2.58336
2135,2273,6.34285
2135,2283,3.24931
2135,2301,6.45734
2135,2328,1.36397
2136,2037,4.81584
2136,2116,1.48515
2136,2126,5.21072
2136,2276,3.69199
2136,2288,4.17322
2136,2336,3.34436
2137,2040,6.10755
2137,2108,4.12025
2137,2169,2.72469
2137,2198,2.20867
2137,2228,1.78787
2137,2268,5.35241
2137,2290,2.30696
2138,2072,4.14181
2138,2291,8.05056
2138,2383,1.27999
2139,1970,3.44302
2139,2296,7.32445
2139,2397,3.42199
2139,2463,10.8689
2140,2042,6.30288
2140,2134,2.55253
2140,2141,4.25434
2140,2272,8.02351
2141,2042,1.42662
2141,2135,4.99825
2141,2140,4.25434
2141,2272,3.45193
2141,2273,3.68777
2141,2327,4.01633
2141,2328,5.50411
2142,2012,4.70188
2142,2150,2.29613
2142,2176,5.00901
2142,2240,5.34333
2142,2300,4.77544
2142,2367,2.72095
2144,1972,2.91562
2144,2263,2.8443
2144,2280,4.3796
2144,2304,7.93115
2146,2007,6.36165
2146,2067,3.46052
2146,2100,3.0766
2146,2177,4.82045
2146,2269,4.89291
2147,2039,3.63675
2147,2058,6.9785
2147,2120,3.0952
2147,2284,2.78545
2148,1966,5.37305
2148,2041,0.897729
2148,2193,4.12395
2148,2234,4.76902
2148,2359,0.949655
2148,2448,5.08454
2148,2449,3.18615
2149,2151,4.26701
2149,2169,4.77979
2149,2245,2.63662
2149,2248,2.20562
2149,2290,2.88068
2149,2292,7.30706
2149,2339,4.34455
2150,1991,2.06167
2150,2004,2.88539
2150,2012,5.67869
2150,2142,2.29613
2150,2240,4.93997
2150,2319,3.11395
2150,2363,4.06097
2151,2149,4.26701
2151,2229,3.09696
2151,2292,2.84454
2151,2312,3.11261
2151,2339,1.68775
2151,2369,6.4872
2152,2070,2.06745
2152,2362,4.33626
2152,2373,4.18677
2153,2012,2.94634
2153,2097,7.45091
2153,2432,4.81892
2153,2434,3.13531
2154,2179,4.88615
2154,2287,4.71274
2154,2288,7.08777
2154,2336,4.00169
2154,2351,5.7352
2155,1977,3.82528
2155,2045,4.53837
2155,2111,5.575
2155,2372,3.2117
2155,2374,6.5355
2155,2375,8.79415
2158,2060,0.237206
2158,2077,6.12945
2158,2187,4.75793
2158,2291,3.99896
2158,2368,2.67961
2158,2381,6.47756
2158,2382,2.05518
2160,1998,7.94752
2160,2017,5.4095
2160,2108,3.91796
2160,2228,2.65637
2160,2243,5.34197
2160,2335,3.37567
2160,2351,2.64488
2161,1969,4.33277
2161,2054,8.52012
2161,2257,5.29612
2161,2327,6.80086
2161,2328,2.176
2162,2014,5.67108
2162,2028,5.43096
2162,2102,5.06
2162,2180,5.39416
2162,2191,3.93101
2162,2244,1.19038
2162,2453,3.40886
2163,2054,4.42618
2163,2223,6.01386
2163,2324,6.13953
2163,2341,2.27627
2163,2347,4.69359
2163,2425,3.75413
2164,2044,4.37526
2164,2056,3.50208
2164,2301,3.58158
2164,2341,2.88874
2164,2348,6.30036
2165,1980,4.72875
2165,2404,0.497485
2165,2405,1.58726
2165,2408,2.31974
2169,2137,2.72469
2169,2149,4.77979
2169,2198,6.76781
2169,2290,6.72318
2169,2339,4.44065
2170,2196,3.98613
2170,2201,5.84304
2170,2227,2.91709
2170,2279,5.98788
2170,2403,3.57685
2171,1988,1.56487
2171,2132,6.40884
2171,2178,0.115791
2171,2259,1.82085
2171,2286,2.94847
2171,2330,3.8891
2171,2348,4.46815
2172,2073,8.7848
2172,2109,0.169303
2172,2234,2.68138
2172,2359,6.97858
2172,2365,0.317737
2172,2370,3.91602
2172,2371,2.44788
2173,2064,3.13394
2173,2128,7.69723
2173,2319,4.55895
2173,2321,3.96782
2173,2334,1.49013
2173,2363,1.67017
2174,1985,2.97984
2174,2092,5.32717
2174,2214,2.35798
2174,2215,2.00786
2174,2237,5.43292
2174,2298,0.628353
2174,2346,1.80277
2174,2367,4.59557
2174,2428,3.49887
2176,2065,1.80563
2176,2095,1.50952
2176,2117,3.46897
2176,2142,5.00901
2176,2240,3.28272
2176,2302,4.66106
2176,2346,2.82447
2176,2367,2.63983
2177,1979,2.04054
2177,2007,3.76716
2177,2065,4.49976
2177,2100,2.03393
2177,2146,4.82045
2177,2267,6.32733
2178,2049,4.11209
2178,2132,5.23525
2178,2171,0.115791
2178,2330,5.61118
2178,2331,5.16814
2178,2349,3.81239
2179,2017,6.00608
2179,2053,2.96403
2179,2154,4.88615
2179,2335,3.86414
2179,2336,9.47722
2179,2343,3.16209
2179,2351,0.329954
2180,1967,4.24366
2180,2028,2.94716
2180,2082,8.6821
2180,2112,9.22326
2180,2162,5.39416
2180,2453,2.09271
2183,1971,0.976021
2183,2080,1.46389
2183,2235,6.28871
2183,2310,5.48991
2184,2074,0.47899
2184,2127,3.96698
2184,2199,0.679256
2184,2211,5.51089
2184,2217,5.53342
2184,2406,4.98927
2186,2007,2.88927
2186,2038,0.784194
2186,2043,3.10508
2186,2067,5.96644
2186,2309,6.52599
2186,2355,4.10806
2187,2060,7.56146
2187,2158,4.75793
2187,2190,1.30856
2187,2303,2.58725
2187,2318,5.3612
2187,2338,4.82872
2187,2381,1.07734
2189,2009,7.01241
2189,2060,3.96364
2189,2077,1.19958
2189,2088,5.85735
2189,2204,9.71815
2189,2371,1.71065
2190,2060,5.01809
2190,2089,2.87317
2190,2187,1.30856
2190,2204,3.39621
2190,2230,5.34462
2190,2338,6.25642
2191,2028,3.31386
2191,2074,5.51302
2191,2102,3.47201
2191,2127,0.969149
2191,2162,3.93101
2191,2220,6.29933
2191,2413,4.50234
2193,2041,4.24357
2193,2113,3.49579
2193,2148,4.12395
2193,2448,2.69132
2195,1990,3.81591
2195,2006,4.03317
2195,2085,4.7891
2195,2090,2.41137
2195,2091,2.57507
2196,2170,3.98613
2196,2201,4.93307
2196,2202,6.32168
2196,2222,1.6412
2196,2399,4.9494
2196,2403,4.21646
2198,1997,3.67265
2198,2040,3.31549
2198,2100,7.65239
2198,2137,2.20867
2198,2169,6.76781
2198,2339,2.01867
2199,2103,0.267949
2199,2127,6.29007
2199,2184,0.679256
2199,2211,3.64012
2199,2220,4.17094
2199,2221,5.20406
2201,2015,3.80724
2201,2104,3.41866
2201,2170,5.84304
2201,2196,4.93307
2201,2222,3.3256
2201,2227,3.28144
2202,2016,3.99506
2202,2196,6.32168
2202,2203,4.58899
2202,2222,4.86633
2202,2399,4.05512
2203,2016,6.90904
2203,2018,4.35855
2203,2202,4.58899
2203,2296,2.69673
2203,2398,5.5416
2203,2399,4.17594
2204,2060,2.38065
2204,2109,3.90692
2204,2189,9.71815
2204,2190,3.39621
2204,2230,2.86106
2204,2370,0.892064
2206,1986,1.71365
2206,2009,9.14886
2206,2010,6.84673
2206,2088,3.17263
2206,2110,3.59985
2206,2380,1.85458
2209,1977,2.71784
2209,2111,3.78002
2209,2310,7.43966
2209,2356,7.07458
2209,2376,4.77498
2209,2379,2.2043
2211,2184,5.51089
2211,2199,3.64012
2211,2221,1.16651
2211,2258,5.61655
2211,2406,2.9597
2212,2001,3.24653
2212,2037,1.98851
2212,2046,5.94622
2212,2053,7.90649
2212,2336,5.33478
2212,2337,3.92089
2212,2345,3.00013
2214,2057,4.24559
2214,2091,7.26443
2214,2174,2.35798
2214,2215,8.93506
2214,2254,2.10378
2214,2427,5.3263
2214,2428,1.85427
2215,2092,6.40871
2215,2174,2.00786
2215,2214,8.93506
2215,2254,5.85589
2216,1979,3.14249
2216,2004,2.25259
2216,2007,3.6043
2216,2019,3.96284
2216,2048,2.70558
2216,2309,5.57811
2216,2364,0.94145
2217,2074,4.51584
2217,2184,5.53342
2217,2406,3.47406
2217,2409,2.60153
2217,2412,7.19315
2217,2413,0.152454
2219,2025,2.56882
2219,2257,3.83579
2219,2263,6.66526
2219,2304,1.93458
2219,2324,4.69289
2220,2020,6.80661
2220,2102,5.20801
2220,2103,4.00885
2220,2127,5.35067
2220,2191,6.29933
2220,2199,4.17094
2221,2015,3.26798
2221,2103,7.3434
2221,2199,5.20406
2221,2211,1.16651
2221,2258,4.24807
2221,2260,4.47987
2222,1981,3.03025
2222,2016,2.03027
2222,2104,7.7115
2222,2196,1.6412
2222,2201,3.3256
2222,2202,4.86633
2223,2163,6.01386
2223,2242,4.12474
2223,2259,3.89973
2223,2265,4.1425
2223,2286,3.92062
2223,2341,2.37871
2223,2425,4.55303
2224,2021,6.30264
2224,2022,4.98242
2224,2249,1.55669
2224,2388,4.72092
2224,2390,3.85431
2224,2391,2.85877
2225,2049,5.98121
2225,2099,7.12273
2225,2120,4.41765
2227,2002,2.45504
2227,2015,2.17056
2227,2170,2.91709
2227,2201,3.28144
2227,2258,8.49111
2227,2279,4.79948
2227,2406,3.03605
2228,2108,7.81716
2228,2121,4.91841
2228,2137,1.78787
2228,2160,2.65637
2228,2268,4.00665
2228,2335,4.97574
2229,2038,5.04323
2229,2067,1.45679
2229,2101,2.54154
2229,2151,3.09696
2229,2269,6.22258
2229,2339,3.62761
2229,2369,2.14812
2230,2089,4.97906
2230,2109,4.31512
2230,2190,5.34462
2230,2204,2.86106
2230,2250,4.46489
2230,2294,2.45753
2230,2365,3.49591
2231,2073,3.76853
2231,2234,8.70383
2231,2342,5.59601
2231,2361,3.41491
2231,2366,5.74259
2231,2449,0.953746
2234,2073,0.90693
2234,2148,4.76902
2234,2172,2.68138
2234,2231,8.70383
2234,2359,4.01807
2234,2449,3.1484
2235,1977,7.59229
2235,1987,5.7693
2235,2183,6.28871
2235,2310,1.15179
2235,2375,5.19765
2237,2174,5.43292
2237,2298,5.84386
2237,2428,6.80053
2237,2430,3.76182
2238,2115,6.70011
2238,2278,0.85698
2238,2281,4.85849
2240,1979,1.03402
2240,1991,2.77275
2240,2065,5.8754
2240,2142,5.34333
2240,2150,4.93997
2240,2176,3.28272
2242,1988,3.84358
2242,2223,4.12474
2242,2265,6.04045
2242,2266,6.75139
2242,2286,2.81722
2242,2307,3.62347
2243,1998,1.93739
2243,2027,4.41879
2243,2049,4.50849
2243,2108,2.35421
2243,2120,6.58477
2243,2160,5.34197
2244,2014,5.71435
2244,2020,2.34171
2244,2102,7.29145
2244,2162,1.19038
2244,2271,5.37169
2244,2272,4.6408
2245,1976,5.48603
2245,2121,2.83452
2245,2149,2.63662
2245,2248,4.1226
2245,2268,4.26357
2245,2290,5.28576
2245,2343,2.6429
2246,2018,6.27108
2246,2106,1.75686
2246,2125,3.98558
2246,2126,3.43538
2246,2262,4.24796
2246,2287,1.43256
2248,1976,5.49637
2248,2149,2.20562
2248,2245,4.1226
2248,2250,3.25173
2248,2292,4.93056
2248,2345,5.31889
2249,2021,6.82365
2249,2022,4.26606
2249,2224,1.55669
2249,2276,4.81302
2249,2289,3.77053
2249,2384,6.26683
2250,2089,2.27419
2250,2230,4.46489
2250,2248,3.25173
2250,2292,5.14274
2250,2294,7.40396
2250,2312,3.51268
2250,2345,2.60167
2254,2057,3.42843
2254,2092,2.70907
2254,2214,2.10378
2254,2215,5.85589
2254,2256,1.92201
2254,2307,3.22468
2254,2332,8.54971
2255,1969,3.67792
2255,1989,1.92705
2255,2257,5.53374
2255,2281,7.95284
2255,2424,4.71089
2256,1985,4.46826
2256,2058,6.96877
2256,2092,4.78151
2256,2117,2.03679
2256,2130,2.83903
2256,2254,1.92201
2256,2332,3.22563
2257,1969,2.80177
2257,2054,3.02933
2257,2161,5.29612
2257,2219,3.83579
2257,2255,5.53374
2257,2263,2.79391
2257,2281,2.93031
2257,2324,3.49959
2258,2015,3.62691
2258,2211,5.61655
2258,2221,4.24807
2258,2227,8.49111
2258,2406,1.45313
2259,2171,1.82085
2259,2223,3.89973
2259,2286,8.05078
2259,2341,5.99753
2259,2348,3.96184
2260,2015,1.81189
2260,2103,6.82968
2260,2135,2.58336
2260,2221,4.47987
2260,2261,9.87634
2260,2283,0.716217
2261,2015,0.779975
2261,2114,5.54479
2261,2260,9.87634
2261,2274,5.06924
2261,2283,2.73125
2262,1981,3.7552
2262,2016,4.21971
2262,2018,2.64646
2262,2246,4.24796
2262,2285,4.2631
2262,2287,5.37516
2263,2115,5.162
2263,2144,2.8443
2263,2219,6.66526
2263,2257,2.79391
2263,2280,3.90945
2263,2281,2.56687
2263,2304,1.49035
2265,2057,1.03948
2265,2223,4.1425
2265,2242,6.04045
2265,2282,8.84353
2265,2307,3.6309
2265,2425,3.10829
2266,1988,3.27285
2266,2099,5.19854
2266,2242,6.75139
2266,2284,4.3467
2266,2307,4.12989
2266,2332,2.9254
2267,2011,4.38446
2267,2065,1.88937
2267,2100,4.71657
2267,2177,6.32733
2267,2302,3.25399
2268,2121,1.68011
2268,2137,5.35241
2268,2228,4.00665
2268,2245,4.26357
2268,2290,3.87562
2269,2067,3.20086
2269,2100,3.24662
2269,2146,4.89291
2269,2229,6.22258
2269,2339,4.29895
2270,2032,2.35326
2270,2314,2.31741
2270,2445,2.29551
2270,2446,2.84733
2270,2447,1.68726
2270,2458,1.97752
2271,2014,3.57649
2271,2134,6.93867
2271,2244,5.37169
2271,2272,2.5799
2271,2299,3.06957
2271,2421,5.66001
2272,2020,5.5347
2272,2134,0.538967
2272,2140,8.02351
2272,2141,3.45193
2272,2244,4.6408
2272,2271,2.5799
2272,2273,1.60665
2273,2020,8.55925
2273,2103,3.76469
2273,2135,6.34285
2273,2141,3.68777
2273,2272,1.60665
2274,2036,5.05263
2274,2044,2.81328
2274,2114,2.5857
2274,2261,5.06924
2274,2275,3.64534
2274,2283,4.05597
2275,2036,3.12865
2275,2104,2.46922
2275,2114,5.29212
2275,2124,6.21637
2275,2274,3.64534
2276,2021,2.4598
2276,2034,6.83445
2276,2037,0.591568
2276,2116,5.72521
2276,2136,3.69199
2276,2249,4.81302
2276,2289,2.70219
2278,2115,5.21929
2278,2238,0.85698
2278,2280,1.8562
2279,1980,1.03989
2279,2002,3.74911
2279,2170,5.98788
2279,2227,4.79948
2279,2403,4.0078
2280,2115,5.98021
2280,2144,4.3796
2280,2263,3.90945
2280,2278,1.8562
2281,1989,5.02791
2281,2115,5.69246
2281,2238,4.85849
2281,2255,7.95284
2281,2257,2.93031
2281,2263,2.56687
2282,1990,4.9414
2282,2057,2.30183
2282,2085,7.08463
2282,2265,8.84353
2282,2425,1.49753
2282,2426,2.28408
2283,2044,6.10503
2283,2135,3.24931
2283,2260,0.716217
2283,2261,2.73125
2283,2274,4.05597
2283,2301,3.18026
2284,2058,2.65861
2284,2099,4.18586
2284,2120,4.73889
2284,2147,2.78545
2284,2266,4.3467
2284,2332,8.04397
2285,1981,3.33546
2285,2124,5.40929
2285,2262,4.2631
2285,2287,2.56321
2285,2315,3.74851
2285,2331,3.64596
2285,2333,6.43128
2286,1988,6.37922
2286,2171,2.94847
2286,2223,3.92062
2286,2242,2.81722
2286,2259,8.05078
2287,2125,3.32966
2287,2154,4.71274
2287,2246,1.43256
2287,2262,5.37516
2287,2285,2.56321
2287,2288,2.58978
2287,2333,6.30001
2287,2351,2.29209
2288,2125,7.25055
2288,2126,0.311799
2288,2136,4.17322
2288,2154,7.08777
2288,2287,2.58978
2288,2336,3.21656
2289,2034,2.29548
2289,2046,5.32518
2289,2249,3.77053
2289,2276,2.70219
2289,2318,8.20546
2289,2384,4.57156
2290,2137,2.30696
2290,2149,2.88068
2290,2169,6.72318
2290,2245,5.28576
2290,2268,3.87562
2291,2138,8.05056
2291,2158,3.99896
2291,2368,2.02417
2291,2382,5.16374
2291,2383,0.712064
2292,2149,7.30706
2292,2151,2.84454
2292,2248,4.93056
2292,2250,5.14274
2292,2312,4.1477
2294,2073,3.85558
2294,2230,2.45753
2294,2250,7.40396
2294,2312,2.79422
2294,2342,3.36503
2294,2365,6.38162
2296,1970,2.80875
2296,2139,7.32445
2296,2203,2.69673
2296,2397,2.29643
2296,2398,1.64974
2296,2399,3.50288
2296,2400,5.63443
2298,2093,5.03079
2298,2097,3.02194
2298,2174,0.628353
2298,2237,5.84386
2298,2300,5.32264
2298,2367,4.04187
2298,2430,0.999963
2299,2134,3.50168
2299,2271,3.06957
2299,2421,1.88291
2299,2422,5.21493
2299,2423,5.03757
2299,2424,5.54426
2300,2012,0.25802
2300,2097,6.90782
2300,2142,4.77544
2300,2298,5.32264
2300,2367,6.08521
2301,2044,1.19598
2301,2056,2.77651
2301,2135,6.45734
2301,2164,3.58158
2301,2283,3.18026
2302,2011,4.61506
2302,2065,5.94483
2302,2095,4.86008
2302,2176,4.66106
2302,2267,3.25399
2303,2187,2.58725
2303,2318,5.03826
2303,2381,7.05773
2303,2384,4.67017
2304,1972,3.57512
2304,1990,1.38584
2304,2006,0.860596
2304,2025,10.8253
2304,2144,7.93115
2304,2219,1.93458
2304,2263,1.49035
2306,2308,1.50282
2306,2431,1.55972
2307,2057,6.74344
2307,2242,3.62347
2307,2254,3.22468
2307,2265,3.6309
2307,2266,4.12989
2307,2332,2.37962
2308,2093,6.25232
2308,2306,1.50282
2308,2430,1.86074
2308,2431,1.67191
2308,2432,4.27365
2309,2007,3.30426
2309,2043,2.81258
2309,2071,3.73675
2309,2186,6.52599
2309,2216,5.57811
2309,2364,3.5995
2310,1977,5.93959
2310,2080,7.43268
2310,2183,5.48991
2310,2209,7.43966
2310,2235,1.15179
2310,2376,4.5047
2312,2151,3.11261
2312,2250,3.51268
2312,2292,4.1477
2312,2294,2.79422
2312,2342,5.48164
2312,2369,2.451
2314,2043,8.04448
2314,2081,1.65257
2314,2270,2.31741
2314,2361,1.94679
2314,2444,1.16845
2314,2445,5.62881
2314,2446,5.92017
2315,2036,6.77973
2315,2124,1.18345
2315,2285,3.74851
2315,2330,4.15491
2315,2331,4.57821
2318,2187,5.3612
2318,2289,8.20546
2318,2303,5.03826
2318,2337,5.90506
2318,2338,1.40313
2318,2384,2.28075
2319,2004,4.28855
2319,2150,3.11395
2319,2173,4.55895
2319,2321,5.02175
2319,2363,3.4409
2321,2004,4.49214
2321,2019,4.63009
2321,2064,2.49623
2321,2173,3.96782
2321,2319,5.02175
2324,2025,5.46045
2324,2054,5.44553
2324,2163,6.13953
2324,2219,4.69289
2324,2257,3.49959
2324,2425,1.70999
2324,2426,4.50074
2327,1969,2.93861
2327,2042,6.09434
2327,2141,4.01633
2327,2161,6.80086
2327,2328,2.65077
2328,2054,3.14997
2328,2056,6.66326
2328,2135,1.36397
2328,2141,5.50411
2328,2161,2.176
2328,2327,2.65077
2328,2347,3.97779
2330,2036,4.00222
2330,2044,3.01037
2330,2171,3.8891
2330,2178,5.61118
2330,2315,4.15491
2330,2331,2.04959
2330,2348,5.36219
2331,2178,5.16814
2331,2285,3.64596
2331,2315,4.57821
2331,2330,2.04959
2331,2333,4.74449
2331,2349,4.77558
2332,2058,1.5863
2332,2254,8.54971
2332,2256,3.22563
2332,2266,2.9254
2332,2284,8.04397
2332,2307,2.37962
2333,2285,6.43128
2333,2287,6.30001
2333,2331,4.74449
2333,2349,4.04442
2333,2351,6.37068
2334,1995,3.52458
2334,2128,3.04422
2334,2173,1.49013
2334,2363,5.77095
2334,2434,0.552357
2334,2435,4.46853
2334,2436,1.93754
2335,2017,5.81771
2335,2121,3.78401
2335,2160,3.37567
2335,2179,3.86414
2335,2228,4.97574
2335,2343,1.3933
2336,2037,4.85542
2336,2053,2.92929
2336,2136,3.34436
2336,2154,4.00169
2336,2179,9.47722
2336,2212,5.33478
2336,2288,3.21656
2337,2001,3.84409
2337,2046,6.52007
2337,2212,3.92089
2337,2318,5.90506
2337,2338,5.41886
2338,2001,3.26688
2338,2089,2.80295
2338,2187,4.82872
2338,2190,6.25642
2338,2318,1.40313
2338,2337,5.41886
2339,2100,3.52409
2339,2149,4.34455
2339,2151,1.68775
2339,2169,4.44065
2339,2198,2.01867
2339,2229,3.62761
2339,2269,4.29895
2341,2056,2.99599
2341,2163,2.27627
2341,2164,2.88874
2341,2223,2.37871
2341,2259,5.99753
2341,2347,6.52995
2341,2348,2.42054
2342,2073,4.4098
2342,2101,1.09489
2342,2231,5.59601
2342,2294,3.36503
2342,2312,5.48164
2342,2366,2.32983
2342,2369,4.08113
2343,1976,3.33316
2343,2053,7.11599
2343,2121,6.69416
2343,2179,3.16209
2343,2245,2.6429
2343,2335,1.3933
2345,1976,5.43488
2345,2001,6.5973
2345,2053,3.23958
2345,2089,4.86772
2345,2212,3.00013
2345,2248,5.31889
2345,2250,2.60167
2346,1985,5.48334
2346,2117,3.38944
2346,2174,1.80277
2346,2176,2.82447
2346,2367,8.27418
2347,2054,2.52846
2347,2056,2.21844
2347,2163,4.69359
2347,2328,3.97779
2347,2341,6.52995
2348,2044,2.78333
2348,2164,6.30036
2348,2171,4.46815
2348,2259,3.96184
2348,2330,5.36219
2348,2341,2.42054
2349,1998,8.04586
2349,2049,3.94926
2349,2178,3.81239
2349,2331,4.77558
2349,2333,4.04442
2349,2351,2.55568
2351,1998,1.18403
2351,2017,5.6928
2351,2154,5.7352
2351,2160,2.64488
2351,2179,0.329954
2351,2287,2.29209
2351,2333,6.37068
2351,2349,2.55568
2354,2408,2.13873
2354,2410,2.45781
2355,2038,6.24088
2355,2043,5.54577
2355,2081,4.34318
2355,2101,1.46835
2355,2186,4.10806
2356,2010,7.70409
2356,2110,2.20156
2356,2111,4.22689
2356,2123,1.99713
2356,2209,7.07458
2356,2379,1.43433
2359,1966,6.47838
2359,2062,5.79178
2359,2148,0.949655
2359,2172,6.97858
2359,2234,4.01807
2359,2371,0.0862479
2361,2081,7.25038
2361,2231,3.41491
2361,2314,1.94679
2361,2366,2.77151
2361,2446,3.78552
2361,2449,5.76098
2362,1966,4.57171
2362,2041,6.32893
2362,2063,1.83039
2362,2070,6.54202
2362,2152,4.33626
2363,2012,1.94938
2363,2150,4.06097
2363,2173,1.67017
2363,2319,3.4409
2363,2334,5.77095
2363,2434,3.34712
2364,2048,6.03029
2364,2071,6.40067
2364,2216,0.94145
2364,2309,3.5995
2364,2441,2.51692
2364,2442,2.49992
2365,2073,1.25432
2365,2109,8.58617
2365,2172,0.317737
2365,2230,3.49591
2365,2294,6.38162
2366,2081,1.91323
2366,2101,6.8341
2366,2231,5.74259
2366,2342,2.32983
2366,2361,2.77151
2367,2142,2.72095
2367,2174,4.59557
2367,2176,2.63983
2367,2298,4.04187
2367,2300,6.08521
2367,2346,8.27418
2368,2072,5.93073
2368,2077,4.12194
2368,2078,4.7704
2368,2088,1.43067
2368,2158,2.67961
2368,2291,2.02417
2369,2101,5.94762
2369,2151,6.4872
2369,2229,2.14812
2369,2312,2.451
2369,2342,4.08113
2370,2109,9.29719
2370,2172,3.91602
2370,2204,0.892064
2370,2371,12.9148
2371,1986,8.72684
2371,2009,3.93881
2371,2062,3.70513
2371,2172,2.44788
2371,2189,1.71065
2371,2359,0.0862479
2371,2370,12.9148
2372,2045,6.6978
2372,2070,5.12205
2372,2155,3.2117
2372,2373,3.7836
2372,2374,5.38282
2373,2070,3.16249
2373,2152,4.18677
2373,2372,3.7836
2373,2374,3.82733
2374,2155,6.5355
2374,2372,5.38282
2374,2373,3.82733
2374,2375,2.39893
2375,1977,2.85009
2375,1987,1.40161
2375,2155,8.79415
2375,2235,5.19765
2375,2374,2.39893
2376,2080,3.78434
2376,2209,4.77498
2376,2310,4.5047
2376,2378,9.17961
2376,2379,5.74367
2377,2080,1.73289
2377,2378,5.46885
2378,2080,0.540896
2378,2376,9.17961
2378,2377,5.46885
2378,2379,3.11889
2378,2459,3.13715
2378,2460,4.53472
2379,2010,1.84533
2379,2078,3.38156
2379,2209,2.2043
2379,2356,1.43433
2379,2376,5.74367
2379,2378,3.11889
2379,2380,7.43362
2379,2459,1.21479
2380,2010,1.49985
2380,2078,1.44751
2380,2088,5.23424
2380,2206,1.85458
2380,2379,7.43362
2381,2158,6.47756
2381,2187,1.07734
2381,2303,7.05773
2381,2382,4.72532
2381,2384,3.60071
2381,2385,1.0878
2382,2158,2.05518
2382,2291,5.16374
2382,2381,4.72532
2382,2383,6.1193
2382,2385,6.78595
2382,2386,0.684849
2383,2138,1.27999
2383,2291,0.712064
2383,2382,6.1193
2383,2386,1.78348
2384,2022,3.47204
2384,2249,6.26683
2384,2289,4.57156
2384,2303,4.67017
2384,2318,2.28075
2384,2381,3.60071
2384,2385,7.35455
2385,2022,3.1655
2385,2381,1.0878
2385,2382,6.78595
2385,2384,7.35455
2385,2386,6.32892
2385,2450,3.35855
2386,2382,0.684849
2386,2383,1.78348
2386,2385,6.32892
2386,2450,3.92147
2386,2451,0.935552
2388,2022,1.72484
2388,2224,4.72092
2388,2389,2.17153
2388,2390,4.20124
2388,2450,6.56935
2388,2451,0.982123
2388,2452,3.59316
2389,2388,2.17153
2389,2390,7.95601
2389,2395,3.6601
2389,2452,3.37641
2390,2224,3.85431
2390,2388,4.20124
2390,2389,7.95601
2390,2391,5.47904
2390,2394,2.45514
2390,2395,2.87796
2391,2021,1.00673
2391,2224,2.85877
2391,2390,5.47904
2391,2392,7.40037
2391,2394,4.34466
2392,2021,4.47075
2392,2094,4.90001
2392,2391,7.40037
2392,2393,5.6688
2392,2394,6.04817
2392,2397,3.32719
2392,2463,1.62599
2393,2021,2.12868
2393,2094,4.96468
2393,2116,4.8736
2393,2392,5.6688
2394,2390,2.45514
2394,2391,4.34466
2394,2392,6.04817
2394,2395,8.59316
2394,2463,7.79571
2394,2464,3.02773
2395,2389,3.6601
2395,2390,2.87796
2395,2394,8.59316
2395,2464,1.35079
2397,2094,4.02425
2397,2139,3.42199
2397,2296,2.29643
2397,2392,3.32719
2397,2398,7.80424
2397,2463,4.85319
2398,2018,3.44784
2398,2094,2.01308
2398,2106,2.9043
2398,2203,5.5416
2398,2296,1.64974
2398,2397,7.80424
2399,2196,4.9494
2399,2202,4.05512
2399,2203,4.17594
2399,2296,3.50288
2399,2400,2.78912
2399,2401,6.46872
2399,2403,2.03436
2400,1970,2.51056
2400,2296,5.63443
2400,2399,2.78912
2400,2401,4.10037
2400,2402,3.23023
2401,2399,6.46872
2401,2400,4.10037
2401,2402,5.8287
2401,2403,3.67943
2401,2404,4.06145
2401,2405,2.35725
2402,1970,3.47407
2402,2400,3.23023
2402,2401,5.8287
2403,1980,3.86774
2403,2170,3.57685
2403,2196,4.21646
2403,2279,4.0078
2403,2399,2.03436
2403,2401,3.67943
2403,2404,8.56953
2404,1980,6.33478
2404,2165,0.497485
2404,2401,4.06145
2404,2403,8.56953
2404,2405,7.82228
2405,2165,1.58726
2405,2401,2.35725
2405,2404,7.82228
2406,2002,5.41281
2406,2184,4.98927
2406,2211,2.9597
2406,2217,3.47406
2406,2227,3.03605
2406,2258,1.45313
2406,2407,2.61585
2406,2409,3.9946
2407,1980,2.34747
2407,2002,3.91751
2407,2406,2.61585
2407,2408,4.44998
2407,2409,4.72468
2407,2410,2.82818
2408,1980,3.77185
2408,2165,2.31974
2408,2354,2.13873
2408,2407,4.44998
2408,2410,3.70155
2409,2217,2.60153
2409,2406,3.9946
2409,2407,4.72468
2409,2410,5.64913
2409,2411,5.40913
2409,2412,4.0316
2410,2354,2.45781
2410,2407,2.82818
2410,2408,3.70155
2410,2409,5.64913
2410,2411,3.2635
2411,2409,5.40913
2411,2410,3.2635
2411,2412,5.6834
2411,2465,4.91612
2411,2466,1.60166
2412,2217,7.19315
2412,2409,4.0316
2412,2411,5.6834
2412,2413,2.21348
2412,2414,4.5959
2412,2465,0.255737
2413,2028,2.38693
2413,2074,7.17049
2413,2191,4.50234
2413,2217,0.152454
2413,2412,2.21348
2413,2414,5.52861
2413,2415,3.97264
2414,2412,4.5959
2414,2413,5.52861
2414,2415,3.02539
2414,2465,7.27477
2415,2028,4.8568
2415,2082,1.63185
2415,2413,3.97264
2415,2414,3.02539
2415,2416,6.30861
2415,2465,2.28888
2416,2082,6.77633
2416,2415,6.30861
2416,2417,4.98715
2416,2419,6.64018
2416,2465,1.57003
2417,1967,7.30627
2417,2082,3.5786
2417,2416,4.98715
2417,2419,1.65091
2419,2416,6.64018
2419,2417,1.65091
2419,2465,4.25242
2419,2466,3.29991
2421,2014,2.98913
2421,2271,5.66001
2421,2299,1.88291
2421,2422,7.53181
2421,2453,5.35149
2421,2454,2.75842
2422,2299,5.21493
2422,2421,7.53181
2423,1969,6.67287
2423,2042,4.02051
2423,2134,3.09664
2423,2299,5.03757
2423,2424,3.78176
2424,1969,2.49077
2424,1989,3.03626
2424,2255,4.71089
2424,2299,5.54426
2424,2423,3.78176
2425,2163,3.75413
2425,2223,4.55303
2425,2265,3.10829
2425,2282,1.49753
2425,2324,1.70999
2425,2426,8.50105
2426,1990,5.18025
2426,2025,5.97969
2426,2282,2.28408
2426,2324,4.50074
2426,2425,8.50105
2427,2090,2.50846
2427,2091,2.69578
2427,2214,5.3263
2427,2428,4.30996
2427,2429,2.90946
2428,2174,3.49887
2428,2214,1.85427
2428,2237,6.80053
2428,2427,4.30996
2428,2429,5.78402
2428,2430,4.40923
2429,2427,2.90946
2429,2428,5.78402
2429,2430,1.67493
2430,2093,3.31557
2430,2237,3.76182
2430,2298,0.999963
2430,2308,1.86074
2430,2428,4.40923
2430,2429,1.67493
2430,2431,6.62184
2431,2306,1.55972
2431,2308,1.67191
2431,2430,6.62184
2432,2093,1.8752
2432,2097,2.04842
2432,2153,4.81892
2432,2308,4.27365
2432,2433,4.45887
2432,2434,2.7413
2432,2435,0.764063
2433,2432,4.45887
2433,2435,1.87622
2434,2012,4.19127
2434,2153,3.13531
2434,2334,0.552357
2434,2363,3.34712
2434,2432,2.7413
2434,2435,7.67341
2435,2334,4.46853
2435,2432,0.764063
2435,2433,1.87622
2435,2434,7.67341
2435,2436,4.19256
2436,1995,1.38785
2436,2334,1.93754
2436,2435,4.19256
2437,1995,1.92556
2437,2008,2.84696
2437,2064,6.02701
2437,2128,4.67881
2437,2438,4.29318
2438,2008,4.00448
2438,2437,4.29318
2439,2008,3.75064
2439,2048,2.89741
2439,2064,7.62118
2439,2440,2.57786
2439,2441,3.13771
2440,1983,4.34815
2440,2008,1.98908
2440,2439,2.57786
2440,2441,5.29709
2440,2442,2.35771
2440,2443,2.89366
2441,2048,3.54857
2441,2364,2.51692
2441,2439,3.13771
2441,2440,5.29709
2441,2442,2.60036
2442,2071,2.44246
2442,2364,2.49992
2442,2440,2.35771
2442,2441,2.60036
2442,2443,5.0928
2442,2444,3.67078
2442,2457,1.81655
2443,1983,2.93888
2443,2440,2.89366
2443,2442,5.0928
2443,2457,2.52888
2444,2043,4.70938
2444,2071,4.26264
2444,2314,1.16845
2444,2442,3.67078
2444,2445,5.08055
2444,2457,3.06792
2445,2270,2.29551
2445,2314,5.62881
2445,2444,5.08055
2445,2457,3.0993
2445,2458,3.40738
2446,2270,2.84733
2446,2314,5.92017
2446,2361,3.78552
2446,2447,6.71907
2446,2449,2.74156
2447,2032,6.97773
2447,2113,2.37707
2447,2270,1.68726
2447,2446,6.71907
2447,2448,4.45154
2447,2449,2.57666
2448,2113,2.68491
2448,2148,5.08454
2448,2193,2.69132
2448,2447,4.45154
2448,2449,5.63995
2449,2148,3.18615
2449,2231,0.953746
2449,2234,3.1484
2449,2361,5.76098
2449,2446,2.74156
2449,2447,2.57666
2449,2448,5.63995
2450,2022,3.73872
2450,2385,3.35855
2450,2386,3.92147
2450,2388,6.56935
2450,2451,3.31195
2451,2386,0.935552
2451,2388,0.982123
2451,2450,3.31195
2451,2452,1.21361
2452,2388,3.59316
2452,2389,3.37641
2452,2451,1.21361
2453,2014,6.13498
2453,2112,4.92669
2453,2162,3.40886
2453,2180,2.09271
2453,2421,5.35149
2453,2454,2.46091
2454,2112,2.57425
2454,2421,2.75842
2454,2453,2.46091
2457,2442,1.81655
2457,2443,2.52888
2457,2444,3.06792
2457,2445,3.0993
2457,2458,1.89223
2458,2270,1.97752
2458,2445,3.40738
2458,2457,1.89223
2459,2072,4.83739
2459,2078,5.32673
2459,2378,3.13715
2459,2379,1.21479
2459,2460,4.97777
2460,2378,4.53472
2460,2459,4.97777
2463,2139,10.8689
2463,2392,1.62599
2463,2394,7.79571
2463,2397,4.85319
2463,2464,2.92625
2464,2394,3.02773
2464,2395,1.35079
2464,2463,2.92625
2465,2411,4.91612
2465,2412,0.255737
2465,2414,7.27477
2465,2415,2.28888
2465,2416,1.57003
2465,2419,4.25242
2465,2466,6.04159
2466,2411,1.60166
2466,2419,3.29991
2466,2465,6.04159
