label, neighbor, wall area
31935,31958,4.51951
31935,32207,3.58112
31935,32331,5.17675
31935,32577,3.39047
31935,32824,6.72483
31942,32204,2.8295
31942,32458,6.76288
31942,32639,4.02216
31942,32672,7.5909
31942,32673,2.826
31942,33037,4.72849
31942,33038,2.09036
31958,31935,4.51951
31958,32207,3.97158
31958,32653,3.7354
31958,32691,7.17525
31958,32823,3.32788
31958,32824,2.47859
31995,32121,4.48081
31995,32365,5.08646
31995,32366,2.18891
31995,32542,6.03442
31995,32543,4.02388
31995,32813,9.07345
32003,32206,5.3573
32003,32283,3.82781
32003,32395,3.43613
32003,32585,4.14765
32003,32848,4.09063
32003,33034,2.96415
32020,32288,6.44245
32020,32393,12.2579
32020,32586,8.27203
32020,32694,7.18191
32020,32918,11.7507
32047,32060,9.84782
32047,32334,4.97132
32047,32460,6.12329
32047,32483,6.45865
32047,32543,3.16649
32047,32666,2.65012
32047,32667,4.98155
32060,32047,9.84782
32060,32244,6.27599
32060,32543,6.87041
32060,32667,3.02535
32060,32992,3.56893
32060,32993,5.69942
32071,32198,4.89263
32071,32626,5.59566
32071,32760,1.43993
32071,32840,2.18636
32071,32968,6.37957
32073,32567,11.7766
32073,32694,7.91866
32073,32918,12.3115
32073,32920,8.22435
32073,32926,6.22741
32121,31995,4.48081
32121,32365,5.96177
32121,32542,11.6243
32121,32602,9.38954
32121,32694,2.61458
32123,32248,2.66779
32123,32275,3.03865
32123,32545,3.08858
32123,32612,4.35773
32123,32903,2.0686
32123,32907,1.12011
32174,32325,5.62149
32174,32327,9.21176
32174,32413,8.83464
32174,32637,1.85135
32174,32777,5.61037
32174,32779,3.22231
32186,32310,6.90805
32186,32539,2.34397
32186,32626,1.53133
32186,32759,5.00077
32186,32760,1.999
32186,32843,7.05092
32198,32071,4.89263
32198,32564,4.18279
32198,32762,3.28172
32198,32838,6.03674
32198,32839,1.60158
32198,32840,4.59695
32198,32968,1.03968
32204,31942,2.8295
32204,32206,3.64945
32204,32639,6.39618
32204,32848,2.42064
32204,33035,1.86461
32204,33036,3.32489
32204,33037,2.11
32206,32003,5.3573
32206,32204,3.64945
32206,32395,4.01458
32206,32479,3.65313
32206,32639,7.09971
32206,32848,3.17407
32206,32862,2.4935
32207,31935,3.58112
32207,31958,3.97158
32207,32331,4.20729
32207,32416,3.27244
32207,32653,4.41673
32207,32656,6.83885
32216,32439,10.5042
32216,32472,5.25828
32216,32530,9.09478
32216,32916,4.20446
32216,32917,10.5184
32220,32240,5.75365
32220,32255,5.87802
32220,32422,5.32601
32220,32443,5.40546
32220,32477,6.36797
32220,32501,1.98127
32220,32869,5.74644
32240,32220,5.75365
32240,32255,6.96046
32240,32272,4.86311
32240,32501,7.29985
32240,32742,2.28426
32243,32300,5.97277
32243,32424,4.18233
32243,32487,7.75411
32243,32681,3.41019
32243,32685,1.44657
32244,32060,6.27599
32244,32543,4.27452
32244,32814,5.37998
32244,32995,1.1166
32246,32274,0.284718
32246,32609,2.46423
32246,32610,4.95391
32246,32687,2.03187
32246,32830,5.96455
32246,32833,4.68748
32247,32344,4.11321
32247,32445,3.71277
32247,32447,4.52871
32247,32764,2.16216
32247,32771,5.509
32247,32772,2.00823
32248,32123,2.66779
32248,32275,1.63569
32248,32465,1.49286
32248,32466,3.45435
32248,32544,3.86932
32248,32907,3.28897
32249,32283,1.66688
32249,32321,5.92326
32249,32377,4.90518
32249,32379,3.64418
32249,32489,5.42677
32249,32546,5.75159
32249,32865,4.42302
32250,32251,4.83567
32250,32468,3.69688
32250,32469,5.54499
32250,32545,5.4067
32250,32903,4.48093
32250,32904,4.52823
32251,32250,4.83567
32251,32469,4.30803
32251,32904,3.0935
32254,32288,13.326
32254,32437,3.72487
32254,32471,5.20306
32254,32552,9.19008
32254,32586,5.81718
32254,32617,3.4369
32254,32916,14.0024
32254,32917,6.22143
32255,32220,5.87802
32255,32240,6.96046
32255,32592,7.56157
32255,32741,4.11179
32255,32742,4.07941
32255,32869,2.07393
32257,32448,2.51601
32257,32449,6.66074
32257,32767,3.65993
32257,32807,2.02735
32257,33004,6.20185
32260,32319,4.17895
32260,32453,2.43925
32260,32455,6.43025
32260,32456,2.95035
32260,32628,3.75075
32260,32663,6.33853
32264,32332,2.30861
32264,32344,3.17939
32264,32431,4.81015
32264,32432,5.41016
32264,32436,4.15758
32264,32563,1.35279
32264,32604,4.67046
32269,32552,4.26363
32269,32919,9.02294
32269,32927,11.2235
32272,32240,4.86311
32272,32501,4.42614
32272,32742,5.98668
32274,32246,0.284718
32274,32275,0
32274,32544,2.51517
32274,32610,4.33952
32274,32611,4.5329
32274,32831,1.25494
32274,32832,2.61194
32274,32833,1.28416
32275,32123,3.03865
32275,32248,1.63569
32275,32274,0
32275,32544,4.37744
32275,32611,2.53837
32275,32612,1.65915
32275,32647,3.50205
32283,32003,3.82781
32283,32249,1.66688
32283,32321,4.3352
32283,32395,3.95335
32283,32489,5.89006
32283,32585,5.3489
32284,32377,3.54992
32284,32593,3.81884
32284,32612,3.51417
32284,32878,7.11665
32284,32879,2.75815
32284,32903,4.47045
32288,32020,6.44245
32288,32254,13.326
32288,32552,9.05288
32288,32586,10.463
32288,32918,21.3049
32288,32919,3.77987
32290,32434,4.46244
32290,32497,3.61037
32290,32750,2.67699
32290,32751,1.85663
32290,32885,3.5084
32290,33052,2.09445
32292,32333,5.96181
32292,32393,7.34771
32292,32586,2.14923
32292,32617,2.33562
32292,32640,5.1077
32298,32434,4.40689
32298,32454,4.14729
32298,32885,6.54504
32298,32887,1.16951
32298,32888,4.4106
32300,32243,5.97277
32300,32424,2.14424
32300,32661,3.20651
32300,32662,4.72381
32300,32681,4.86794
32300,32692,7.84971
32302,32355,10.2658
32302,32356,5.00016
32302,32357,6.43821
32302,32746,9.97041
32302,32958,7.42018
32304,32785,1.34606
32304,32787,5.63071
32304,32942,2.38939
32304,32943,2.89224
32304,32944,2.27785
32304,33001,0
32304,33040,2.55461
32305,32306,11.2552
32305,32745,4.48196
32305,32746,11.8522
32305,32958,4.67495
32306,32305,11.2552
32306,32372,0.700288
32306,32744,3.08167
32306,32745,3.78337
32306,32955,11.6342
32306,32957,6.77625
32306,32958,2.93115
32308,32372,8.56559
32308,32373,5.96687
32308,32955,8.15888
32308,32963,9.20853
32310,32186,6.90805
32310,32539,3.06981
32310,32757,2.84722
32310,32759,2.94706
32310,33059,2.81112
32310,33062,6.56164
32312,32384,3.72294
32312,32449,2.14633
32312,32450,5.33401
32312,32944,1.20603
32312,32986,2.53073
32312,33000,5.34221
32316,32317,5.16929
32316,32451,5.11142
32316,32985,4.31018
32316,33000,5.59847
32317,32316,5.16929
32317,32451,3.38677
32317,32453,4.24044
32317,32455,5.48052
32317,32820,4.57264
32317,32985,3.28868
32318,32319,5.12782
32318,32455,5.29225
32318,32580,3.66805
32318,32820,5.96438
32319,32260,4.17895
32319,32318,5.12782
32319,32320,7.86712
32319,32455,3.08494
32319,32456,4.5609
32319,32580,3.00481
32319,32658,0.323381
32320,32319,7.86712
32320,32580,1.22421
32320,32581,5.30785
32320,32655,5.20747
32320,32658,5.01425
32321,32249,5.92326
32321,32283,4.3352
32321,32395,7.24873
32321,32479,0.895564
32321,32865,7.81875
32323,32600,6.24085
32323,32931,6.16571
32323,32933,7.30905
32325,32174,5.62149
32325,32363,6.83645
32325,32413,6.55336
32325,32637,10.8409
32325,32921,5.8312
32326,32332,3.15346
32326,32431,6.61115
32326,32771,4.70073
32326,32773,6.39636
32327,32174,9.21176
32327,32364,3.44177
32327,32567,6.69457
32327,32602,9.3657
32327,32637,5.29841
32327,32777,7.70609
32331,31935,5.17675
32331,32207,4.20729
32331,32416,6.10966
32331,32577,6.08138
32332,32264,2.30861
32332,32326,3.15346
32332,32344,1.84339
32332,32431,6.47079
32332,32771,8.87818
32333,32292,5.96181
32333,32334,7.71622
32333,32393,6.17856
32333,32483,4.00631
32333,32640,5.68428
32334,32047,4.97132
32334,32333,7.71622
32334,32393,1.62711
32334,32460,4.286
32334,32483,3.25565
32339,32424,4.75691
32339,32608,4.19575
32339,32645,6.54741
32339,32822,4.99603
32339,32823,3.57423
32341,32342,2.43335
32341,32361,3.82363
32341,32362,5.92938
32341,32697,3.50087
32341,32698,0.903085
32341,32700,6.56635
32342,32341,2.43335
32342,32362,1.66765
32342,32396,5.42499
32342,32700,2.05839
32342,32701,2.65606
32342,32703,3.5181
32342,32859,4.62688
32344,32247,4.11321
32344,32264,3.17939
32344,32332,1.84339
32344,32346,3.78469
32344,32432,3.64628
32344,32764,3.18835
32344,32771,3.25351
32346,32344,3.78469
32346,32432,3.68513
32346,32764,1.9275
32346,32769,3.21837
32346,32811,3.6237
32346,33016,1.3597
32347,32523,3.21006
32347,32873,5.1838
32348,32479,5.24009
32348,32481,14.282
32348,32863,3.91716
32348,32864,8.0687
32351,32435,4.06831
32351,32798,6.66402
32351,32799,3.33508
32351,32802,1.81791
32351,33005,2.45754
32352,32628,3.348
32352,32663,3.76713
32352,32664,3.80037
32352,32795,2.13438
32352,32797,7.05432
32352,32946,4.95762
32353,32630,2.95817
32353,32683,3.4275
32353,32684,1.65442
32353,32794,5.03514
32353,32883,2.17525
32353,32892,6.41275
32355,32302,10.2658
32355,32356,8.45653
32356,32302,5.00016
32356,32355,8.45653
32356,32357,3.76845
32356,32369,7.53451
32357,32302,6.43821
32357,32356,3.76845
32357,32369,9.09671
32357,32746,7.16789
32357,32747,7.26224
32361,32341,3.82363
32361,32362,3.20201
32361,32394,5.16238
32361,32695,5.75635
32361,32696,1.44343
32361,32697,4.37013
32361,32828,6.04975
32362,32341,5.92938
32362,32342,1.66765
32362,32361,3.20201
32362,32396,4.03948
32362,32426,4.09338
32362,32828,4.04632
32363,32325,6.83645
32363,32413,3.85864
32363,32921,5.27403
32363,32922,4.8575
32363,32929,13.6806
32363,32934,3.45258
32364,32327,3.44177
32364,32365,10.6494
32364,32540,5.84199
32364,32602,4.71025
32364,32777,7.11186
32364,32778,5.73277
32365,31995,5.08646
32365,32121,5.96177
32365,32364,10.6494
32365,32366,6.67683
32365,32540,4.95757
32365,32602,2.43412
32366,31995,2.18891
32366,32365,6.67683
32366,32540,4.32696
32366,32813,3.94187
32366,32815,8.25415
32366,32997,4.29516
32369,32356,7.53451
32369,32357,9.09671
32369,32402,8.87302
32369,32403,4.83993
32369,32747,6.20827
32369,32748,3.19182
32372,32306,0.700288
32372,32308,8.56559
32372,32373,8.67345
32372,32743,4.16535
32372,32744,13.4276
32372,32955,1.88584
32373,32308,5.96687
32373,32372,8.67345
32373,32421,4.10096
32373,32743,2.04801
32373,32949,14.2912
32373,32963,2.88027
32373,32964,1.68175
32374,32689,3.40442
32374,32690,3.28874
32374,32792,2.19864
32374,32910,2.94706
32377,32249,4.90518
32377,32284,3.54992
32377,32379,6.7584
32377,32489,3.56673
32377,32593,5.69772
32377,32878,3.4138
32379,32249,3.64418
32379,32377,6.7584
32379,32546,5.67794
32379,32593,1.26864
32379,32905,6.34847
32379,32906,2.99841
32379,32965,2.12983
32381,32904,2.63098
32381,32906,9.95807
32384,32312,3.72294
32384,32448,4.31319
32384,32449,6.7287
32384,32943,2.94111
32384,32944,5.66921
32389,32457,0.786299
32389,32662,8.9445
32389,32678,3.78527
32389,32680,1.41038
32389,32681,3.57959
32389,32789,5.41729
32393,32020,12.2579
32393,32292,7.34771
32393,32333,6.17856
32393,32334,1.62711
32393,32460,8.58901
32393,32542,5.01146
32393,32586,2.15277
32393,32694,8.97017
32394,32361,5.16238
32394,32425,6.3388
32394,32695,1.03953
32394,32828,2.59348
32394,32978,2.5818
32394,33043,6.48976
32395,32003,3.43613
32395,32206,4.01458
32395,32283,3.95335
32395,32321,7.24873
32395,32479,9.75225
32396,32342,5.42499
32396,32362,4.03948
32396,32426,3.65411
32396,32462,2.07063
32396,32859,4.00241
32399,32427,3.03066
32399,32429,3.43693
32399,32464,3.31216
32399,32734,6.06241
32399,32861,1.869
32400,32437,6.00004
32400,32471,6.43028
32402,32369,8.87302
32402,32403,10.893
32402,32439,4.67195
32403,32369,4.83993
32403,32402,10.893
32403,32439,5.78363
32403,32440,7.32855
32403,32748,8.36859
32403,32749,4.31129
32404,32419,7.71064
32404,32420,3.00531
32404,32717,1.96058
32404,32745,6.53231
32404,32746,3.99453
32404,32747,3.35802
32405,32421,0.572885
32405,32476,3.6174
32405,32949,10.9314
32405,32951,3.20616
32405,32952,10.3794
32405,33030,1.60506
32406,32422,12.8337
32406,32442,6.39641
32406,32477,2.22308
32406,32951,11.0721
32406,32952,2.63755
32406,32961,4.82455
32413,32174,8.83464
32413,32325,6.55336
32413,32363,3.85864
32413,32535,3.65259
32413,32537,7.68354
32413,32779,4.0258
32413,32780,2.58839
32413,32929,4.15517
32416,32207,3.27244
32416,32331,6.10966
32416,32482,5.99977
32416,32581,3.90211
32416,32656,1.54119
32419,32404,7.71064
32419,32717,1.12939
32419,32747,0.982933
32419,32835,7.74118
32419,32836,3.53466
32420,32404,3.00531
32420,32474,5.94483
32420,32717,3.61066
32420,32743,3.27665
32420,32744,5.05648
32420,32745,5.20972
32421,32373,4.10096
32421,32405,0.572885
32421,32475,5.37609
32421,32476,8.41766
32421,32743,6.01866
32421,32949,3.07366
32422,32220,5.32601
32422,32406,12.8337
32422,32443,10.5473
32422,32477,3.46343
32422,32961,3.2838
32424,32243,4.18233
32424,32300,2.14424
32424,32339,4.75691
32424,32645,1.16428
32424,32685,5.97839
32424,32692,3.64666
32424,32822,3.63601
32425,32394,6.3388
32425,32503,4.47258
32425,32827,2.14616
32425,32828,4.5925
32425,32844,2.46871
32425,32978,3.41209
32426,32362,4.09338
32426,32396,3.65411
32426,32461,6.21709
32426,32462,5.58003
32426,32828,3.75901
32426,32829,2.36839
32427,32399,3.03066
32427,32463,4.33352
32427,32464,4.64961
32427,32831,1.16074
32427,32832,0.842794
32427,32833,2.68028
32427,32859,2.68871
32427,32860,2.02067
32427,32861,3.04754
32429,32399,3.43693
32429,32464,0.648992
32429,32465,3.16728
32429,32466,1.86884
32429,32734,3.33937
32429,32737,1.00301
32429,32877,1.83483
32429,32912,5.33902
32430,32468,2.95411
32430,32469,4.55125
32430,32872,2.56554
32430,32907,0.445011
32430,32908,7.17087
32431,32264,4.81015
32431,32326,6.61115
32431,32332,6.47079
32431,32604,7.53917
32432,32264,5.41016
32432,32344,3.64628
32432,32346,3.68513
32432,32563,3.71026
32432,32811,1.22907
32434,32290,4.46244
32434,32298,4.40689
32434,32454,2.61288
32434,32885,0.506937
32434,33052,3.74363
32434,33056,5.05567
32435,32351,4.06831
32435,32802,3.94136
32435,32804,0.844209
32435,33005,4.60319
32435,33009,2.43969
32435,33011,2.98168
32436,32264,4.15758
32436,32563,4.86368
32436,32564,2.24839
32436,32604,4.91878
32436,32615,7.66011
32436,32838,5.78729
32437,32254,3.72487
32437,32400,6.00004
32437,32439,1.7359
32437,32471,14.6096
32437,32916,7.82344
32439,32216,10.5042
32439,32402,4.67195
32439,32403,5.78363
32439,32437,1.7359
32439,32440,4.35854
32439,32472,1.49224
32439,32916,10.3101
32440,32403,7.32855
32440,32439,4.35854
32440,32472,10.9541
32440,32473,1.81618
32440,32749,5.34168
32441,32713,2.93206
32441,32748,5.13129
32441,32749,7.38745
32441,32835,7.06702
32442,32406,6.39641
32442,32476,3.70908
32442,32477,10.5481
32442,32867,1.88266
32442,32868,3.43698
32442,32952,9.94525
32443,32220,5.40546
32443,32422,10.5473
32443,32501,7.48898
32443,32961,3.76019
32445,32247,3.71277
32445,32447,2.63844
32445,32772,5.2264
32445,32775,2.97786
32445,32940,5.14793
32446,32572,1.49304
32446,32852,4.55476
32446,32886,2.35516
32446,32887,1.65124
32446,32893,3.77809
32446,32894,4.62468
32447,32247,4.52871
32447,32445,2.63844
32447,32764,1.43453
32447,32765,0.593361
32447,32940,3.13679
32447,32941,4.99894
32448,32257,2.51601
32448,32384,4.31319
32448,32449,1.85575
32448,32766,6.47912
32448,32767,2.02045
32448,32943,2.15862
32449,32257,6.66074
32449,32312,2.14633
32449,32384,6.7287
32449,32448,1.85575
32449,32450,3.40217
32449,32807,4.9194
32450,32312,5.33401
32450,32449,3.40217
32450,32451,7.87717
32450,32807,2.86676
32450,33000,3.57596
32451,32316,5.11142
32451,32317,3.38677
32451,32450,7.87717
32451,32453,1.39735
32451,32562,5.39678
32451,32807,0.479119
32451,32808,5.52462
32451,33000,0.91171
32453,32260,2.43925
32453,32317,4.24044
32453,32451,1.39735
32453,32455,4.30995
32453,32562,8.68554
32453,32628,2.75997
32454,32298,4.14729
32454,32434,2.61288
32454,32888,4.39236
32454,33050,5.64302
32454,33056,5.32831
32455,32260,6.43025
32455,32317,5.48052
32455,32318,5.29225
32455,32319,3.08494
32455,32453,4.30995
32455,32820,2.39779
32456,32260,2.95035
32456,32319,4.5609
32456,32658,5.32768
32456,32659,6.69719
32456,32663,1.55495
32457,32389,0.786299
32457,32629,6.18068
32457,32659,1.60581
32457,32660,8.35149
32457,32662,2.82699
32457,32678,8.12438
32458,31942,6.76288
32458,32578,5.75355
32458,32639,7.70164
32458,32673,5.66977
32458,32676,2.09346
32458,32862,4.36135
32460,32047,6.12329
32460,32334,4.286
32460,32393,8.58901
32460,32542,6.55664
32460,32543,9.23473
32461,32426,6.21709
32461,32576,1.91779
32461,32826,4.53014
32461,32827,2.86673
32461,32828,5.0684
32461,32829,3.78003
32462,32396,2.07063
32462,32426,5.58003
32462,32463,3.93041
32462,32829,7.38452
32462,32830,4.14938
32462,32859,4.00542
32463,32427,4.33352
32463,32462,3.93041
32463,32830,1.54948
32463,32833,2.82318
32463,32859,5.71412
32464,32399,3.31216
32464,32427,4.64961
32464,32429,0.648992
32464,32465,5.03303
32464,32831,3.783
32465,32248,1.49286
32465,32429,3.16728
32465,32464,5.03303
32465,32466,3.90457
32465,32544,2.5521
32465,32831,2.12882
32466,32248,3.45435
32466,32429,1.86884
32466,32465,3.90457
32466,32907,4.64264
32466,32912,1.55465
32468,32250,3.69688
32468,32430,2.95411
32468,32469,2.54101
32468,32545,2.91498
32468,32907,7.47378
32469,32250,5.54499
32469,32251,4.30803
32469,32430,4.55125
32469,32468,2.54101
32471,32254,5.20306
32471,32400,6.43028
32471,32437,14.6096
32471,32552,6.78826
32472,32216,5.25828
32472,32439,1.49224
32472,32440,10.9541
32472,32473,4.10018
32472,32530,3.45666
32472,32669,5.5511
32472,32670,1.73074
32473,32440,1.81618
32473,32472,4.10018
32473,32670,6.44721
32473,32749,11.1286
32473,32970,4.59515
32474,32420,5.94483
32474,32717,2.81361
32474,32726,2.80424
32474,32727,5.8361
32474,32743,4.63881
32475,32421,5.37609
32475,32476,1.34633
32475,32728,6.56285
32475,32731,3.47301
32475,32743,4.70914
32476,32405,3.6174
32476,32421,8.41766
32476,32442,3.70908
32476,32475,1.34633
32476,32731,4.74562
32476,32867,6.01493
32476,32952,3.18675
32477,32220,6.36797
32477,32406,2.22308
32477,32422,3.46343
32477,32442,10.5481
32477,32868,2.8665
32477,32869,5.099
32478,32674,5.1441
32478,32675,3.67196
32478,32887,1.50255
32478,32888,9.34889
32478,32889,3.72546
32479,32206,3.65313
32479,32321,0.895564
32479,32348,5.24009
32479,32395,9.75225
32479,32481,2.89712
32479,32862,5.61301
32479,32863,4.40835
32479,32865,3.89149
32481,32348,14.282
32481,32479,2.89712
32481,32865,4.83008
32481,32866,9.2159
32482,32416,5.99977
32482,32580,2.11089
32482,32581,4.43368
32482,32846,3.18838
32483,32047,6.45865
32483,32333,4.00631
32483,32334,3.25565
32483,32570,3.15156
32483,32640,6.00627
32483,32666,9.41688
32487,32243,7.75411
32487,32582,5.41167
32487,32681,0.826
32487,32685,5.20225
32487,32688,2.719
32487,32792,4.96781
32489,32249,5.42677
32489,32283,5.89006
32489,32377,3.56673
32489,32585,3.07642
32489,32850,4.23568
32489,32878,6.27931
32497,32290,3.61037
32497,32572,0.971923
32497,32751,2.52452
32497,32754,4.65745
32497,32885,1.6432
32497,32886,2.77892
32499,32672,4.56664
32499,32673,7.88717
32499,32674,7.50735
32499,32676,0.399002
32499,32897,5.90369
32499,32899,4.17059
32501,32220,1.98127
32501,32240,7.29985
32501,32272,4.42614
32501,32443,7.48898
32503,32425,4.47258
32503,32574,5.11551
32503,32607,0.957268
32503,32825,1.17815
32503,32827,5.92897
32503,32844,4.18762
32504,32704,3.77252
32504,32705,0.663007
32504,32706,5.90731
32504,32733,2.46351
32504,32740,3.64137
32522,32523,7.09175
32522,32644,3.19569
32522,32741,6.78596
32522,32742,2.5118
32522,32876,6.49774
32523,32347,3.21006
32523,32522,7.09175
32523,32873,3.95144
32523,32876,2.21339
32530,32216,9.09478
32530,32472,3.45666
32530,32570,9.54826
32530,32587,5.4666
32530,32669,10.7087
32530,32917,2.96643
32531,32533,7.52635
32531,32781,1.66242
32531,32930,7.55463
32531,32931,4.05
32531,32935,7.91503
32531,32936,0.984577
32532,32553,4.45573
32532,32571,0.668651
32532,32712,3.93435
32532,32714,3.11034
32532,32716,3.05117
32532,32972,1.4658
32533,32531,7.52635
32533,32535,4.47389
32533,32781,5.57961
32533,32929,6.55449
32533,32930,1.60025
32535,32413,3.65259
32535,32533,4.47389
32535,32537,8.36863
32535,32636,4.36935
32535,32642,4.60695
32535,32781,3.09137
32535,32929,6.67203
32537,32413,7.68354
32537,32535,8.36863
32537,32642,7.71128
32537,32780,4.34535
32539,32186,2.34397
32539,32310,3.06981
32539,32841,4.68743
32539,32843,5.50578
32539,33059,6.71651
32540,32364,5.84199
32540,32365,4.95757
32540,32366,4.32696
32540,32778,5.78794
32540,32997,3.30251
32540,33042,3.08073
32542,31995,6.03442
32542,32121,11.6243
32542,32393,5.01146
32542,32460,6.55664
32542,32543,2.18012
32542,32694,5.08795
32543,31995,4.02388
32543,32047,3.16649
32543,32060,6.87041
32543,32244,4.27452
32543,32460,9.23473
32543,32542,2.18012
32543,32813,4.41301
32543,32814,4.5321
32544,32248,3.86932
32544,32274,2.51517
32544,32275,4.37744
32544,32465,2.5521
32544,32611,0
32544,32831,4.91668
32545,32123,3.08858
32545,32250,5.4067
32545,32468,2.91498
32545,32903,5.75896
32545,32907,3.45836
32546,32249,5.75159
32546,32379,5.67794
32546,32865,1.3823
32546,32866,5.71176
32546,32965,6.72956
32552,32254,9.19008
32552,32269,4.26363
32552,32288,9.05288
32552,32471,6.78826
32552,32919,10.3305
32553,32532,4.45573
32553,32571,3.87056
32553,32716,1.44442
32553,32718,2.25189
32553,32719,3.74843
32553,32721,2.62502
32562,32451,5.39678
32562,32453,8.68554
32562,32628,4.377
32562,32808,5.53371
32562,32953,3.52293
32563,32264,1.35279
32563,32432,3.71026
32563,32436,4.86368
32563,32564,6.44474
32563,32811,3.42199
32564,32198,4.18279
32564,32436,2.24839
32564,32563,6.44474
32564,32762,3.71738
32564,32811,3.89354
32564,32838,3.59391
32564,33017,0
32567,32073,11.7766
32567,32327,6.69457
32567,32602,8.13919
32567,32637,9.66427
32567,32694,5.26905
32567,32920,5.23873
32568,32569,3.91832
32568,32755,5.80499
32568,32800,2.59992
32568,32801,2.65181
32568,32802,3.87439
32569,32568,3.91832
32569,32799,6.209
32569,32800,2.93679
32569,32802,2.8394
32569,32945,2.38745
32570,32483,3.15156
32570,32530,9.54826
32570,32587,6.1516
32570,32617,4.89892
32570,32640,10.5781
32570,32666,2.72841
32570,32917,7.8724
32571,32532,0.668651
32571,32553,3.87056
32571,32618,1.03785
32571,32721,2.66053
32571,32972,4.43375
32571,32973,3.90516
32572,32446,1.49304
32572,32497,0.971923
32572,32754,2.65475
32572,32755,2.89384
32572,32886,6.44602
32572,32893,5.1656
32573,32732,2.24033
32573,32867,2.46602
32573,32868,2.5398
32573,32869,2.32233
32573,32870,4.97802
32574,32503,5.11551
32574,32577,3.21428
32574,32607,4.78939
32574,32824,3.05283
32574,32825,6.27658
32576,32461,1.91779
32576,32608,4.14697
32576,32609,3.9532
32576,32645,3.29332
32576,32826,6.11737
32576,32829,5.96359
32577,31935,3.39047
32577,32331,6.08138
32577,32574,3.21428
32577,32607,3.97557
32577,32824,2.90273
32578,32458,5.75355
32578,32676,7.9834
32578,32862,3.52952
32578,32863,5.74369
32578,32864,4.37831
32578,32898,4.49215
32578,32901,8.83328
32580,32318,3.66805
32580,32319,3.00481
32580,32320,1.22421
32580,32482,2.11089
32580,32581,6.771
32580,32820,1.05314
32580,32846,5.66757
32580,33047,3.53355
32581,32320,5.30785
32581,32416,3.90211
32581,32482,4.43368
32581,32580,6.771
32581,32655,3.93944
32581,32656,4.49615
32582,32487,5.41167
32582,32680,2.18133
32582,32681,3.11291
32582,32791,4.08999
32582,32792,5.68861
32582,32881,5.33013
32582,32882,0.388109
32585,32003,4.14765
32585,32283,5.3489
32585,32489,3.07642
32585,32850,4.85389
32585,33034,1.78203
32586,32020,8.27203
32586,32254,5.81718
32586,32288,10.463
32586,32292,2.14923
32586,32393,2.15277
32586,32617,16.8818
32587,32530,5.4666
32587,32570,6.1516
32587,32666,9.96189
32587,32669,7.61609
32587,32989,3.47349
32587,32990,4.20011
32588,32670,5.94236
32588,32970,6.17078
32588,32989,4.07802
32589,32619,4.9345
32589,32707,2.43487
32589,32708,2.96174
32589,32720,3.14142
32589,32723,2.48392
32589,32914,4.95886
32592,32255,7.56157
32592,32621,5.75396
32592,32644,3.01825
32592,32741,3.11627
32592,32869,4.57053
32592,32870,3.88593
32593,32284,3.81884
32593,32377,5.69772
32593,32379,1.26864
32593,32903,5.60721
32593,32905,6.8856
32600,32323,6.24085
32600,32923,7.62594
32600,32925,3.99624
32600,32933,5.64068
32600,32934,5.40398
32602,32121,9.38954
32602,32327,9.3657
32602,32364,4.71025
32602,32365,2.43412
32602,32567,8.13919
32602,32694,9.58695
32604,32264,4.67046
32604,32431,7.53917
32604,32436,4.91878
32604,32615,3.58523
32606,32837,5.65304
32606,32839,6.83339
32606,32841,6.02187
32606,32842,3.42294
32607,32503,0.957268
32607,32574,4.78939
32607,32577,3.97557
32607,32844,7.47077
32608,32339,4.19575
32608,32576,4.14697
32608,32645,3.25347
32608,32823,5.00794
32608,32824,2.24617
32608,32825,5.8781
32608,32826,4.21003
32609,32246,2.46423
32609,32576,3.9532
32609,32645,3.50312
32609,32686,2.22385
32609,32687,5.27578
32609,32829,4.65051
32609,32830,1.49748
32610,32246,4.95391
32610,32274,4.33952
32610,32611,3.77455
32610,32687,6.21936
32610,32689,5.42547
32610,32690,2.73522
32611,32274,4.5329
32611,32275,2.53837
32611,32544,0
32611,32610,3.77455
32611,32647,3.04954
32611,32690,2.88199
32612,32123,4.35773
32612,32275,1.65915
32612,32284,3.51417
32612,32647,3.22973
32612,32879,1.67437
32612,32903,2.9622
32612,32909,0.984345
32615,32436,7.66011
32615,32604,3.58523
32615,32837,6.31987
32615,32838,3.62302
32617,32254,3.4369
32617,32292,2.33562
32617,32570,4.89892
32617,32586,16.8818
32617,32640,5.00695
32617,32917,9.45612
32618,32571,1.03785
32618,32620,1.82777
32618,32699,3.84377
32618,32721,4.65338
32618,32973,3.99626
32618,32974,1.7558
32619,32589,4.9345
32619,32620,5.98724
32619,32698,2.61568
32619,32707,4.94458
32619,32720,2.50421
32619,32721,2.52278
32620,32618,1.82777
32620,32619,5.98724
32620,32697,3.78948
32620,32698,1.77679
32620,32699,3.43887
32620,32721,1.6945
32621,32592,5.75396
32621,32644,6.72498
32621,32739,5.38496
32621,32870,3.21749
32626,32071,5.59566
32626,32186,1.53133
32626,32760,6.31923
32626,32840,4.36105
32626,32842,3.24549
32626,32843,5.02209
32628,32260,3.75075
32628,32352,3.348
32628,32453,2.75997
32628,32562,4.377
32628,32663,4.51774
32628,32797,3.38559
32628,32953,4.53843
32629,32457,6.18068
32629,32630,3.65476
32629,32659,5.56535
32629,32664,4.30594
32629,32678,2.14526
32629,32794,3.80414
32629,32795,2.90128
32630,32353,2.95817
32630,32629,3.65476
32630,32678,3.56131
32630,32794,4.02906
32630,32883,8.43428
32631,32752,6.55165
32631,32757,2.01838
32631,32758,3.08459
32631,32803,1.89504
32631,32896,5.65398
32631,33053,1.21917
32632,32774,3.53504
32632,32776,3.245
32632,32931,6.69529
32632,32936,5.07064
32632,32937,4.87942
32635,32636,5.44044
32635,32781,5.20434
32635,32782,3.91035
32635,32786,0.307681
32635,33002,4.11789
32636,32535,4.36935
32636,32635,5.44044
32636,32642,4.84159
32636,32781,4.2708
32636,33002,4.07997
32637,32174,1.85135
32637,32325,10.8409
32637,32327,5.29841
32637,32567,9.66427
32637,32920,5.1222
32637,32921,4.98808
32639,31942,4.02216
32639,32204,6.39618
32639,32206,7.09971
32639,32458,7.70164
32639,32862,3.91191
32640,32292,5.1077
32640,32333,5.68428
32640,32483,6.00627
32640,32570,10.5781
32640,32617,5.00695
32642,32535,4.60695
32642,32537,7.71128
32642,32636,4.84159
32642,32780,2.09235
32642,33003,5.20866
32644,32522,3.19569
32644,32592,3.01825
32644,32621,6.72498
32644,32736,1.39716
32644,32738,7.17817
32644,32739,0.972561
32644,32741,5.36985
32644,32876,2.00906
32645,32339,6.54741
32645,32424,1.16428
32645,32576,3.29332
32645,32608,3.25347
32645,32609,3.50312
32645,32685,1.17618
32645,32686,7.19705
32647,32275,3.50205
32647,32611,3.04954
32647,32612,3.22973
32647,32690,1.69516
32647,32909,1.34225
32647,32910,2.03412
32653,31958,3.7354
32653,32207,4.41673
32653,32654,7.73969
32653,32656,2.59971
32653,32661,4.27691
32653,32691,3.9334
32653,32692,3.83896
32654,32653,7.73969
32654,32655,7.79932
32654,32656,2.50166
32654,32657,4.93415
32654,32661,4.02265
32655,32320,5.20747
32655,32581,3.93944
32655,32654,7.79932
32655,32656,3.97613
32655,32657,2.89243
32655,32658,4.02861
32656,32207,6.83885
32656,32416,1.54119
32656,32581,4.49615
32656,32653,2.59971
32656,32654,2.50166
32656,32655,3.97613
32657,32654,4.93415
32657,32655,2.89243
32657,32658,4.43077
32657,32659,1.12234
32657,32660,8.39363
32657,32661,3.70427
32658,32319,0.323381
32658,32320,5.01425
32658,32456,5.32768
32658,32655,4.02861
32658,32657,4.43077
32658,32659,3.77024
32659,32456,6.69719
32659,32457,1.60581
32659,32629,5.56535
32659,32657,1.12234
32659,32658,3.77024
32659,32660,2.72974
32659,32663,3.61579
32659,32664,5.30567
32660,32457,8.35149
32660,32657,8.39363
32660,32659,2.72974
32660,32661,2.76486
32660,32662,2.35542
32661,32300,3.20651
32661,32653,4.27691
32661,32654,4.02265
32661,32657,3.70427
32661,32660,2.76486
32661,32662,7.68189
32661,32692,3.71253
32662,32300,4.72381
32662,32389,8.9445
32662,32457,2.82699
32662,32660,2.35542
32662,32661,7.68189
32662,32681,0.513019
32663,32260,6.33853
32663,32352,3.76713
32663,32456,1.55495
32663,32628,4.51774
32663,32659,3.61579
32663,32664,6.9873
32664,32352,3.80037
32664,32629,4.30594
32664,32659,5.30567
32664,32663,6.9873
32664,32795,7.04183
32666,32047,2.65012
32666,32483,9.41688
32666,32570,2.72841
32666,32587,9.96189
32666,32667,9.71159
32666,32990,5.65652
32667,32047,4.98155
32667,32060,3.02535
32667,32666,9.71159
32667,32990,1.44618
32667,32991,3.24672
32667,32992,9.25631
32669,32472,5.5511
32669,32530,10.7087
32669,32587,7.61609
32669,32670,12.3229
32669,32989,2.15179
32670,32472,1.73074
32670,32473,6.44721
32670,32588,5.94236
32670,32669,12.3229
32670,32970,4.35491
32670,32989,3.94234
32672,31942,7.5909
32672,32499,4.56664
32672,32673,2.50468
32672,32674,3.7075
32672,32675,4.05623
32672,32853,5.16055
32672,33038,3.55114
32673,31942,2.826
32673,32458,5.66977
32673,32499,7.88717
32673,32672,2.50468
32673,32676,6.28044
32674,32478,5.1441
32674,32499,7.50735
32674,32672,3.7075
32674,32675,7.17374
32674,32889,5.39774
32674,32899,2.74982
32675,32478,3.67196
32675,32672,4.05623
32675,32674,7.17374
32675,32852,3.67581
32675,32853,3.85758
32675,32887,4.36859
32676,32458,2.09346
32676,32499,0.399002
32676,32578,7.9834
32676,32673,6.28044
32676,32897,7.73999
32676,32898,4.79385
32678,32389,3.78527
32678,32457,8.12438
32678,32629,2.14526
32678,32630,3.56131
32678,32789,4.14175
32678,32883,3.90195
32680,32389,1.41038
32680,32582,2.18133
32680,32681,7.68823
32680,32789,4.27629
32680,32881,4.65521
32680,33033,1.8719
32681,32243,3.41019
32681,32300,4.86794
32681,32389,3.57959
32681,32487,0.826
32681,32582,3.11291
32681,32662,0.513019
32681,32680,7.68823
32683,32353,3.4275
32683,32684,5.93138
32683,32892,1.22786
32683,32894,5.9984
32684,32353,1.65442
32684,32683,5.93138
32684,32883,6.66361
32684,32884,4.74877
32685,32243,1.44657
32685,32424,5.97839
32685,32487,5.20225
32685,32645,1.17618
32685,32686,4.39457
32685,32688,2.9876
32686,32609,2.22385
32686,32645,7.19705
32686,32685,4.39457
32686,32687,5.72245
32686,32688,2.2756
32687,32246,2.03187
32687,32609,5.27578
32687,32610,6.21936
32687,32686,5.72245
32687,32688,3.07711
32687,32689,1.89168
32688,32487,2.719
32688,32685,2.9876
32688,32686,2.2756
32688,32687,3.07711
32688,32689,5.97231
32688,32792,3.55729
32689,32374,3.40442
32689,32610,5.42547
32689,32687,1.89168
32689,32688,5.97231
32689,32690,1.93731
32689,32792,5.68954
32690,32374,3.28874
32690,32610,2.73522
32690,32611,2.88199
32690,32647,1.69516
32690,32689,1.93731
32690,32910,3.9346
32691,31958,7.17525
32691,32653,3.9334
32691,32692,6.39119
32691,32822,4.05308
32691,32823,3.03742
32692,32300,7.84971
32692,32424,3.64666
32692,32653,3.83896
32692,32661,3.71253
32692,32691,6.39119
32692,32822,2.66394
32694,32020,7.18191
32694,32073,7.91866
32694,32121,2.61458
32694,32393,8.97017
32694,32542,5.08795
32694,32567,5.26905
32694,32602,9.58695
32694,32918,3.86655
32695,32361,5.75635
32695,32394,1.03953
32695,32696,5.28772
32695,33043,3.99007
32695,33044,3.57928
32696,32361,1.44343
32696,32695,5.28772
32696,32697,6.62104
32696,32699,2.24464
32696,32975,5.2475
32696,33044,2.8576
32697,32341,3.50087
32697,32361,4.37013
32697,32620,3.78948
32697,32696,6.62104
32697,32698,7.55163
32697,32699,2.98184
32698,32341,0.903085
32698,32619,2.61568
32698,32620,1.77679
32698,32697,7.55163
32698,32700,4.88465
32698,32707,3.05743
32699,32618,3.84377
32699,32620,3.43887
32699,32696,2.24464
32699,32697,2.98184
32699,32974,1.92352
32699,32975,2.81047
32700,32341,6.56635
32700,32342,2.05839
32700,32698,4.88465
32700,32701,7.68001
32700,32707,2.25221
32701,32342,2.65606
32701,32700,7.68001
32701,32702,5.13529
32701,32703,2.838
32701,32707,2.40166
32702,32701,5.13529
32702,32703,3.71343
32702,32704,1.83225
32702,32705,6.49517
32702,32707,3.49285
32703,32342,3.5181
32703,32701,2.838
32703,32702,3.71343
32703,32704,4.34077
32703,32859,3.12048
32703,32860,3.14536
32704,32504,3.77252
32704,32702,1.83225
32704,32703,4.34077
32704,32705,2.8174
32704,32733,4.93521
32704,32860,1.49127
32704,32861,0.715692
32705,32504,0.663007
32705,32702,6.49517
32705,32704,2.8174
32705,32706,6.15442
32705,32707,1.84859
32705,32708,0.439222
32706,32504,5.90731
32706,32705,6.15442
32706,32708,2.98512
32707,32589,2.43487
32707,32619,4.94458
32707,32698,3.05743
32707,32700,2.25221
32707,32701,2.40166
32707,32702,3.49285
32707,32705,1.84859
32707,32708,6.85923
32708,32589,2.96174
32708,32705,0.439222
32708,32706,2.98512
32708,32707,6.85923
32708,32914,3.14862
32712,32532,3.93435
32712,32713,4.41836
32712,32714,1.79939
32712,32970,1.67021
32712,32971,3.66638
32712,32972,2.26869
32713,32441,2.93206
32713,32712,4.41836
32713,32714,3.34313
32713,32749,5.1427
32713,32835,1.93976
32713,32970,3.21227
32714,32532,3.11034
32714,32712,1.79939
32714,32713,3.34313
32714,32716,1.41868
32714,32835,2.06127
32714,32836,3.20627
32716,32532,3.05117
32716,32553,1.44442
32716,32714,1.41868
32716,32717,3.26019
32716,32718,2.56221
32716,32836,2.96649
32717,32404,1.96058
32717,32419,1.12939
32717,32420,3.61066
32717,32474,2.81361
32717,32716,3.26019
32717,32718,2.0628
32717,32727,0.66348
32717,32836,3.28165
32718,32553,2.25189
32718,32716,2.56221
32718,32717,2.0628
32718,32719,3.64864
32718,32722,1.55668
32718,32727,4.45422
32719,32553,3.74843
32719,32718,3.64864
32719,32720,2.32755
32719,32721,1.97776
32719,32722,1.37411
32720,32589,3.14142
32720,32619,2.50421
32720,32719,2.32755
32720,32721,5.36019
32720,32722,4.36436
32720,32723,2.76769
32721,32553,2.62502
32721,32571,2.66053
32721,32618,4.65338
32721,32619,2.52278
32721,32620,1.6945
32721,32719,1.97776
32721,32720,5.36019
32722,32718,1.55668
32722,32719,1.37411
32722,32720,4.36436
32722,32723,2.08427
32723,32589,2.48392
32723,32720,2.76769
32723,32722,2.08427
32723,32914,1.17016
32726,32474,2.80424
32726,32727,2.04997
32726,32728,3.43821
32726,32743,3.03968
32727,32474,5.8361
32727,32717,0.66348
32727,32718,4.45422
32727,32726,2.04997
32728,32475,6.56285
32728,32726,3.43821
32728,32730,2.41789
32728,32731,1.22251
32728,32743,1.0394
32730,32728,2.41789
32730,32731,2.54599
32731,32475,3.47301
32731,32476,4.74562
32731,32728,1.22251
32731,32730,2.54599
32731,32732,2.78138
32731,32867,3.04621
32732,32573,2.24033
32732,32731,2.78138
32732,32867,4.04732
32733,32504,2.46351
32733,32704,4.93521
32733,32734,2.5467
32733,32735,5.34863
32733,32740,1.62204
32733,32861,3.7457
32734,32399,6.06241
32734,32429,3.33937
32734,32733,2.5467
32734,32735,3.15925
32734,32737,4.16195
32734,32861,3.27196
32735,32733,5.34863
32735,32734,3.15925
32735,32736,6.43959
32735,32737,2.17122
32735,32740,1.02216
32736,32644,1.39716
32736,32735,6.43959
32736,32737,0.981146
32736,32738,5.00389
32736,32739,3.34543
32736,32740,2.04329
32737,32429,1.00301
32737,32734,4.16195
32737,32735,2.17122
32737,32736,0.981146
32737,32738,2.49255
32737,32877,3.67968
32738,32644,7.17817
32738,32736,5.00389
32738,32737,2.49255
32738,32875,3.20096
32738,32876,1.29007
32738,32877,0.81187
32739,32621,5.38496
32739,32644,0.972561
32739,32736,3.34543
32739,32740,2.68595
32739,32870,3.25028
32740,32504,3.64137
32740,32733,1.62204
32740,32735,1.02216
32740,32736,2.04329
32740,32739,2.68595
32741,32255,4.11179
32741,32522,6.78596
32741,32592,3.11627
32741,32644,5.36985
32741,32742,8.21503
32742,32240,2.28426
32742,32255,4.07941
32742,32272,5.98668
32742,32522,2.5118
32742,32741,8.21503
32743,32372,4.16535
32743,32373,2.04801
32743,32420,3.27665
32743,32421,6.01866
32743,32474,4.63881
32743,32475,4.70914
32743,32726,3.03968
32743,32728,1.0394
32743,32744,4.23544
32744,32306,3.08167
32744,32372,13.4276
32744,32420,5.05648
32744,32743,4.23544
32744,32745,9.52875
32745,32305,4.48196
32745,32306,3.78337
32745,32404,6.53231
32745,32420,5.20972
32745,32744,9.52875
32745,32746,8.41965
32746,32302,9.97041
32746,32305,11.8522
32746,32357,7.16789
32746,32404,3.99453
32746,32745,8.41965
32746,32747,7.52536
32746,32958,5.06508
32747,32357,7.26224
32747,32369,6.20827
32747,32404,3.35802
32747,32419,0.982933
32747,32746,7.52536
32747,32748,5.52064
32747,32835,3.53659
32748,32369,3.19182
32748,32403,8.36859
32748,32441,5.13129
32748,32747,5.52064
32748,32749,3.24815
32748,32835,4.26884
32749,32403,4.31129
32749,32440,5.34168
32749,32441,7.38745
32749,32473,11.1286
32749,32713,5.1427
32749,32748,3.24815
32749,32970,2.42406
32750,32290,2.67699
32750,32751,3.88127
32750,32752,1.81159
32750,33052,2.95595
32750,33053,2.95779
32751,32290,1.85663
32751,32497,2.52452
32751,32750,3.88127
32751,32752,3.55643
32751,32753,2.00094
32751,32754,1.59525
32752,32631,6.55165
32752,32750,1.81159
32752,32751,3.55643
32752,32753,4.73455
32752,32803,0.753253
32752,33053,2.00651
32753,32751,2.00094
32753,32752,4.73455
32753,32754,1.70093
32753,32755,2.74639
32753,32801,4.18957
32753,32803,1.43542
32754,32497,4.65745
32754,32572,2.65475
32754,32751,1.59525
32754,32753,1.70093
32754,32755,5.15267
32755,32568,5.80499
32755,32572,2.89384
32755,32753,2.74639
32755,32754,5.15267
32755,32800,2.09492
32755,32801,1.10283
32755,32893,1.51316
32757,32310,2.84722
32757,32631,2.01838
32757,32758,4.88511
32757,32759,2.47158
32757,32896,1.32788
32757,33062,3.53778
32758,32631,3.08459
32758,32757,4.88511
32758,32759,2.87368
32758,32803,4.09956
32758,33010,1.82724
32758,33012,2.398
32759,32186,5.00077
32759,32310,2.94706
32759,32757,2.47158
32759,32758,2.87368
32759,32760,3.34534
32759,33012,4.78836
32760,32071,1.43993
32760,32186,1.999
32760,32626,6.31923
32760,32759,3.34534
32760,32968,2.40203
32760,33012,1.58819
32760,33013,4.49943
32762,32198,3.28172
32762,32564,3.71738
32762,32811,0
32762,32968,2.95231
32762,33015,1.63203
32762,33017,1.93536
32762,33018,2.22465
32764,32247,2.16216
32764,32344,3.18835
32764,32346,1.9275
32764,32447,1.43453
32764,32765,3.67057
32764,32769,2.39948
32765,32447,0.593361
32765,32764,3.67057
32765,32766,3.54349
32765,32768,3.17514
32765,32769,1.03329
32765,32941,1.83685
32766,32448,6.47912
32766,32765,3.54349
32766,32767,0.773938
32766,32768,2.21567
32766,32941,2.79993
32766,32942,2.44184
32766,32943,1.4962
32767,32257,3.65993
32767,32448,2.02045
32767,32766,0.773938
32767,32768,4.03856
32767,33004,2.54514
32767,33020,3.62772
32768,32765,3.17514
32768,32766,2.21567
32768,32767,4.03856
32768,32769,3.16965
32768,33016,2.3211
32768,33020,1.72077
32769,32346,3.21837
32769,32764,2.39948
32769,32765,1.03329
32769,32768,3.16965
32769,33016,2.75714
32771,32247,5.509
32771,32326,4.70073
32771,32332,8.87818
32771,32344,3.25351
32771,32772,4.52341
32771,32773,5.27551
32772,32247,2.00823
32772,32445,5.2264
32772,32771,4.52341
32772,32773,3.64764
32772,32774,1.98776
32772,32775,2.80793
32773,32326,6.39636
32773,32771,5.27551
32773,32772,3.64764
32773,32774,9.49849
32774,32632,3.53504
32774,32772,1.98776
32774,32773,9.49849
32774,32775,3.66231
32774,32776,4.43451
32775,32445,2.97786
32775,32772,2.80793
32775,32774,3.66231
32775,32776,5.24419
32775,32938,3.38171
32775,32939,2.00674
32775,32940,0.600463
32776,32632,3.245
32776,32774,4.43451
32776,32775,5.24419
32776,32937,4.46078
32776,32938,2.27217
32777,32174,5.61037
32777,32327,7.70609
32777,32364,7.11186
32777,32778,6.06264
32777,32779,7.1164
32778,32364,5.73277
32778,32540,5.78794
32778,32777,6.06264
32778,32779,8.56029
32778,33041,1.81394
32778,33042,8.80625
32779,32174,3.22231
32779,32413,4.0258
32779,32777,7.1164
32779,32778,8.56029
32779,32780,10.3748
32779,33041,3.59946
32780,32413,2.58839
32780,32537,4.34535
32780,32642,2.09235
32780,32779,10.3748
32780,33003,2.39697
32780,33041,3.49597
32781,32531,1.66242
32781,32533,5.57961
32781,32535,3.09137
32781,32635,5.20434
32781,32636,4.2708
32781,32782,3.13533
32781,32935,4.11008
32782,32635,3.91035
32782,32781,3.13533
32782,32783,6.9866
32782,32786,3.54884
32782,32935,5.29568
32782,32936,0.419931
32783,32782,6.9866
32783,32784,6.12213
32783,32786,1.39237
32783,32936,4.35541
32783,32937,3.03279
32784,32783,6.12213
32784,32785,5.4509
32784,32786,1.41138
32784,32787,1.50099
32784,32937,1.07958
32784,32938,2.68675
32784,32939,0.92187
