label, neighbor, wall area
29944,29986,3.94477
29944,30052,5.01727
29944,30070,3.17449
29944,30203,6.75129
29944,30352,2.92551
29948,29991,5.85605
29948,29992,3.16022
29948,30081,2.8045
29948,30082,8.21661
29948,30100,1.83217
29948,30235,3.9772
29948,30242,4.62984
29948,30246,6.35185
29950,29955,5.09411
29950,29980,3.53902
29950,29981,3.9702
29950,30007,6.17261
29950,30256,7.66145
29950,30289,0.448855
29952,29992,4.63314
29952,29996,0.570239
29952,30100,2.73825
29952,30105,5.10693
29952,30114,3.71116
29952,30119,6.82298
29954,29956,3.14031
29954,30005,7.49124
29954,30124,7.22708
29954,30280,1.66776
29954,30303,4.62337
29955,29950,5.09411
29955,29963,7.35853
29955,29964,2.1233
29955,30007,4.06804
29955,30289,3.80805
29956,29954,3.14031
29956,30022,8.20727
29956,30025,3.88334
29956,30124,2.67899
29956,30138,3.8103
29956,30284,5.06763
29956,30303,4.27688
29957,30008,1.22376
29957,30140,2.77108
29957,30141,4.35245
29957,30148,5.0693
29957,30162,2.4116
29957,30296,9.25455
29957,30305,3.04689
29958,29990,3.54339
29958,30061,8.1632
29958,30063,6.01754
29958,30223,2.95779
29958,30332,4.91927
29958,30421,4.86447
29958,30424,7.99741
29959,30011,3.2959
29959,30143,2.81418
29959,30154,6.39436
29959,30164,4.54571
29959,30299,5.20722
29962,30025,3.88617
29962,30178,7.00226
29962,30294,3.40827
29962,30303,4.62016
29962,30307,4.01086
29962,30321,3.80103
29963,29955,7.35853
29963,29964,2.54157
29963,30032,2.42476
29963,30192,6.646
29963,30289,3.30488
29964,29955,2.1233
29964,29963,2.54157
29964,30007,5.57559
29964,30063,4.1876
29964,30192,2.87244
29964,30331,7.46611
29965,30033,1.81312
29965,30043,6.67349
29965,30311,4.49194
29965,30324,8.73149
29965,30338,3.63808
29965,30344,2.45972
29965,30345,3.20626
29972,29989,2.57345
29972,29990,5.77191
29972,30042,4.28704
29972,30056,5.40633
29972,30061,2.6599
29972,30327,0.173615
29974,30060,5.42423
29974,30106,4.10459
29974,30338,6.4525
29974,30345,5.36419
29974,30428,7.43188
29977,30066,6.20127
29977,30068,4.24505
29977,30084,1.47559
29977,30208,5.57334
29977,30250,5.30765
29978,29993,4.98881
29978,30084,2.78365
29978,30117,4.85063
29978,30214,4.92856
29978,30215,7.72627
29978,30254,3.69773
29980,29950,3.53902
29980,29981,5.08928
29980,30053,1.46961
29980,30211,6.91599
29980,30220,3.07981
29980,30256,3.05669
29981,29950,3.9702
29981,29980,5.08928
29981,30007,4.2568
29981,30053,6.45211
29981,30057,2.30211
29981,30258,6.14321
29982,29984,7.83334
29982,29987,2.56573
29982,30067,6.27141
29982,30074,4.7258
29982,30083,4.52759
29982,30229,3.24213
29984,29982,7.83334
29984,29987,3.41927
29984,30074,3.83106
29984,30093,4.76636
29984,30242,4.28216
29986,29944,3.94477
29986,30052,3.41366
29986,30070,3.90022
29986,30086,3.43844
29986,30136,2.52734
29986,30254,2.64671
29986,30273,8.20965
29987,29982,2.56573
29987,29984,3.41927
29987,30083,8.53426
29987,30093,8.64766
29987,30094,5.29599
29987,30107,2.43397
29987,30108,4.39937
29989,29972,2.57345
29989,29990,1.64796
29989,30056,4.15464
29989,30090,3.19049
29989,30139,5.13331
29989,30142,4.50815
29989,30219,3.94274
29990,29958,3.54339
29990,29972,5.77191
29990,29989,1.64796
29990,30061,4.12412
29990,30142,7.52198
29990,30332,3.49015
29991,29948,5.85605
29991,29992,8.26832
29991,30114,3.57752
29991,30246,1.82939
29991,30257,6.82577
29992,29948,3.16022
29992,29952,4.63314
29992,29991,8.26832
29992,30100,7.90908
29992,30114,3.8538
29993,29978,4.98881
29993,30021,1.1385
29993,30084,4.20967
29993,30117,6.63666
29993,30286,7.36075
29994,30070,5.84873
29994,30103,5.40189
29994,30273,5.87457
29994,30288,6.82048
29995,30107,1.8688
29995,30108,7.25747
29995,30115,1.1756
29995,30120,3.7753
29995,30132,2.0177
29995,30260,4.55682
29995,30282,7.41783
29996,29952,0.570239
29996,30003,1.88873
29996,30105,3.03843
29996,30107,0.532042
29996,30119,5.20131
29996,30120,4.06093
29996,30259,3.75137
29996,30281,2.94693
29999,30009,4.48779
29999,30010,4.67036
29999,30011,2.43152
29999,30115,1.98564
29999,30127,4.68703
29999,30143,2.78608
29999,30282,6.87205
30003,29996,1.88873
30003,30120,3.98464
30003,30132,3.06655
30003,30140,3.54311
30003,30281,5.01671
30005,29954,7.49124
30005,30129,3.42692
30005,30280,3.44679
30005,30294,5.29502
30005,30303,3.06813
30006,30008,2.36919
30006,30130,2.38441
30006,30153,3.92707
30006,30285,7.90966
30006,30290,4.84258
30006,30293,2.75427
30006,30295,4.47532
30007,29950,6.17261
30007,29955,4.06804
30007,29964,5.57559
30007,29981,4.2568
30007,30150,7.74012
30007,30258,5.68803
30007,30331,0.325337
30008,29957,1.22376
30008,30006,2.36919
30008,30140,5.2159
30008,30281,3.99077
30008,30285,2.04632
30008,30293,4.94929
30008,30296,2.32435
30009,29999,4.48779
30009,30010,3.02123
30009,30132,2.20216
30009,30141,5.45745
30009,30148,4.22826
30009,30282,2.415
30010,29999,4.67036
30010,30009,3.02123
30010,30143,5.32859
30010,30148,3.32068
30010,30297,4.10177
30011,29959,3.2959
30011,29999,2.43152
30011,30127,4.59618
30011,30143,8.40668
30011,30144,10.6039
30011,30299,1.74858
30012,30144,9.28263
30012,30156,2.76816
30012,30157,5.71015
30012,30275,5.14242
30012,30276,5.39067
30012,30291,7.40342
30014,30159,6.07751
30014,30300,7.17898
30014,30433,4.86859
30014,30434,5.76628
30014,30435,6.88703
30014,30436,6.10414
30019,30147,4.78528
30019,30151,5.34314
30019,30177,4.33245
30019,30292,3.82323
30019,30301,9.67935
30021,29993,1.1385
30021,30029,3.76517
30021,30117,4.61453
30021,30168,7.35912
30021,30271,5.01244
30021,30286,3.76249
30021,30386,4.44376
30022,29956,8.20727
30022,30025,1.03553
30022,30138,3.49866
30022,30151,4.81597
30022,30169,4.32575
30022,30170,2.94113
30025,29956,3.88334
30025,29962,3.88617
30025,30022,1.03553
30025,30170,6.15104
30025,30183,3.96649
30025,30303,5.86071
30025,30321,0.994462
30027,30033,5.78987
30027,30162,6.18049
30027,30163,3.58465
30027,30305,5.26004
30027,30318,3.27936
30029,30021,3.76517
30029,30168,2.93933
30029,30380,3.16711
30029,30385,6.55251
30029,30386,2.14274
30029,30387,2.52353
30030,30153,4.67554
30030,30295,3.78095
30030,30304,2.46827
30030,30310,2.28562
30030,30317,6.88946
30030,30322,4.92766
30031,30032,7.44685
30031,30171,1.90535
30031,30288,5.55889
30031,30289,1.86962
30031,30298,2.65924
30031,30327,4.61419
30032,29963,2.42476
30032,30031,7.44685
30032,30042,4.63468
30032,30192,4.60681
30032,30289,3.83759
30032,30327,0.685262
30033,29965,1.81312
30033,30027,5.78987
30033,30043,5.80003
30033,30163,3.04136
30033,30311,3.23987
30033,30318,3.91127
30034,30157,3.15173
30034,30164,7.22487
30034,30324,5.75
30034,30338,2.80694
30035,30159,5.68036
30035,30174,7.82362
30035,30333,3.35561
30035,30347,4.34799
30035,30363,9.93728
30035,30364,5.18727
30037,30051,2.66669
30037,30169,4.8995
30037,30170,1.51236
30037,30183,4.50446
30037,30190,7.3515
30037,30199,4.68426
30041,30174,8.4172
30041,30176,6.80676
30041,30195,4.2345
30041,30333,5.11867
30041,30339,5.31417
30042,29972,4.28704
30042,30032,4.63468
30042,30061,3.52871
30042,30192,0.607886
30042,30202,3.70034
30042,30327,6.04306
30043,29965,6.67349
30043,30033,5.80003
30043,30193,3.69851
30043,30200,2.25754
30043,30206,3.22317
30043,30318,3.54364
30043,30344,5.89076
30046,30184,5.21714
30046,30204,3.1828
30046,30329,2.55945
30046,30336,8.43316
30046,30352,2.90804
30046,30354,4.68447
30048,30204,4.79668
30048,30209,5.49126
30048,30211,1.60142
30048,30322,1.2767
30048,30329,2.61496
30048,30330,9.93003
30051,30037,2.66669
30051,30052,3.04061
30051,30190,1.67646
30051,30199,5.6968
30051,30201,1.8881
30051,30215,7.65837
30051,30335,3.84531
30052,29944,5.01727
30052,29986,3.41366
30052,30051,3.04061
30052,30086,7.03996
30052,30196,1.37039
30052,30199,5.58997
30052,30203,3.38529
30052,30215,3.07524
30053,29980,1.46961
30053,29981,6.45211
30053,30057,4.29582
30053,30200,5.22807
30053,30211,4.36444
30053,30343,5.28435
30056,29972,5.40633
30056,29989,4.15464
30056,30189,4.05772
30056,30219,2.81541
30056,30327,3.9314
30057,29981,2.30211
30057,30053,4.29582
30057,30060,7.36117
30057,30200,1.61946
30057,30206,4.45766
30057,30258,6.62487
30057,30344,2.2258
30060,29974,5.42423
30060,30057,7.36117
30060,30106,8.10114
30060,30258,2.23859
30060,30344,4.9033
30060,30345,4.05665
30061,29958,8.1632
30061,29972,2.6599
30061,29990,4.12412
30061,30042,3.52871
30061,30063,1.2012
30061,30202,6.87436
30063,29958,6.01754
30063,29964,4.1876
30063,30061,1.2012
30063,30192,4.01048
30063,30202,3.92238
30063,30223,5.3424
30063,30331,3.43004
30066,29977,6.20127
30066,30098,6.41111
30066,30208,4.92641
30066,30250,0.78245
30066,30357,6.62967
30067,29982,6.27141
30067,30074,4.36046
30067,30224,6.20673
30067,30229,5.58775
30067,30430,10.8142
30068,29977,4.24505
30068,30084,7.0076
30068,30208,2.75382
30068,30214,3.24443
30068,30348,5.60436
30070,29944,3.17449
30070,29986,3.90022
30070,29994,5.84873
30070,30103,2.90475
30070,30218,4.81507
30070,30273,3.14084
30070,30352,4.59294
30071,30103,8.19263
30071,30204,1.91871
30071,30209,3.62962
30071,30218,1.67233
30071,30220,3.83994
30071,30256,3.56071
30071,30354,4.07851
30073,30081,5.36303
30073,30082,4.46182
30073,30224,7.16388
30073,30376,7.7143
30074,29982,4.7258
30074,29984,3.83106
30074,30067,4.36046
30074,30082,8.41822
30074,30224,7.00981
30074,30242,4.94396
30075,30194,5.03918
30075,30223,7.70202
30075,30424,6.35068
30081,29948,2.8045
30081,30073,5.36303
30081,30082,6.57466
30081,30235,8.80514
30081,30376,5.01294
30082,29948,8.21661
30082,30073,4.46182
30082,30074,8.41822
30082,30081,6.57466
30082,30224,3.89599
30082,30242,4.20692
30083,29982,4.52759
30083,29987,8.53426
30083,30094,5.57766
30083,30095,5.39657
30083,30229,10.5903
30083,30236,6.6645
30084,29977,1.47559
30084,29978,2.78365
30084,29993,4.20967
30084,30068,7.0076
30084,30214,4.14373
30084,30250,4.49675
30084,30286,5.12447
30086,29986,3.43844
30086,30052,7.03996
30086,30215,3.26046
30086,30254,9.00236
30090,29989,3.19049
30090,30139,3.9545
30090,30219,4.69597
30090,30326,1.52774
30090,30381,3.82949
30090,30382,3.5118
30090,30384,2.37854
30093,29984,4.76636
30093,29987,8.64766
30093,30107,4.03604
30093,30242,3.2217
30093,30247,5.10309
30093,30259,4.09328
30094,29987,5.29599
30094,30083,5.57766
30094,30095,5.548
30094,30108,5.53527
30094,30260,7.12492
30095,30083,5.39657
30095,30094,5.548
30095,30236,6.34296
30095,30251,9.17484
30095,30253,4.26457
30095,30260,3.01593
30096,30237,6.58524
30096,30265,13.3276
30096,30356,6.43568
30096,30395,2.33906
30097,30099,4.83305
30097,30104,4.96202
30097,30241,7.01847
30097,30246,3.44262
30097,30264,7.11696
30097,30272,5.86211
30097,30368,5.86238
30098,30066,6.41111
30098,30128,3.20843
30098,30237,4.43915
30098,30250,6.54259
30098,30357,0.56559
30098,30395,3.53157
30099,30097,4.83305
30099,30113,3.79029
30099,30246,8.75283
30099,30257,1.63171
30099,30264,5.8621
30100,29948,1.83217
30100,29952,2.73825
30100,29992,7.90908
30100,30105,4.09111
30100,30242,5.19229
30100,30247,6.7534
30103,29994,5.40189
30103,30070,2.90475
30103,30071,8.19263
30103,30218,2.96961
30103,30256,3.27668
30103,30288,5.58014
30103,30289,3.70202
30104,30097,4.96202
30104,30111,7.39401
30104,30123,4.57626
30104,30272,6.74534
30104,30368,4.86611
30105,29952,5.10693
30105,29996,3.03843
30105,30100,4.09111
30105,30247,0.934648
30105,30259,6.91894
30106,29974,4.10459
30106,30060,8.10114
30106,30150,5.86649
30106,30258,7.35378
30106,30426,5.45978
30106,30427,3.20348
30106,30428,4.50704
30107,29987,2.43397
30107,29995,1.8688
30107,29996,0.532042
30107,30093,4.03604
30107,30108,5.79073
30107,30120,5.54232
30107,30259,6.18441
30108,29987,4.39937
30108,29995,7.25747
30108,30094,5.53527
30108,30107,5.79073
30108,30260,0.638306
30111,30104,7.39401
30111,30123,4.58379
30111,30270,10.4355
30113,30099,3.79029
30113,30124,6.40009
30113,30257,8.61545
30113,30264,3.31791
30113,30280,2.06079
30114,29952,3.71116
30114,29991,3.57752
30114,29992,3.8538
30114,30119,1.97526
30114,30129,1.53695
30114,30130,3.6061
30114,30257,3.14683
30114,30280,7.22788
30115,29995,1.1756
30115,29999,1.98564
30115,30127,7.23089
30115,30260,8.54774
30115,30267,6.58044
30115,30282,4.39237
30117,29978,4.85063
30117,29993,6.63666
30117,30021,4.61453
30117,30254,3.47865
30117,30271,4.27284
30119,29952,6.82298
30119,29996,5.20131
30119,30114,1.97526
30119,30130,3.8923
30119,30281,1.91735
30119,30285,5.73263
30120,29995,3.7753
30120,29996,4.06093
30120,30003,3.98464
30120,30107,5.54232
30120,30132,4.36269
30123,30104,4.57626
30123,30111,4.58379
30123,30147,7.95194
30123,30270,4.91132
30123,30272,13.1231
30123,30292,4.18371
30123,30436,4.60422
30124,29954,7.22708
30124,29956,2.67899
30124,30113,6.40009
30124,30264,3.30866
30124,30279,2.016
30124,30280,4.70058
30124,30284,7.60427
30127,29999,4.68703
30127,30011,4.59618
30127,30115,7.23089
30127,30144,1.99035
30127,30267,2.74734
30127,30275,3.3595
30128,30098,3.20843
30128,30131,3.76976
30128,30250,2.81814
30128,30388,3.8535
30128,30389,1.28226
30128,30395,7.31726
30129,30005,3.42692
30129,30114,1.53695
30129,30130,5.79304
30129,30280,5.09007
30129,30290,3.06879
30129,30294,2.05186
30130,30006,2.38441
30130,30114,3.6061
30130,30119,3.8923
30130,30129,5.79304
30130,30285,3.28681
30130,30290,2.75596
30131,30128,3.76976
30131,30250,4.88318
30131,30286,6.62155
30131,30386,2.79644
30131,30387,1.12406
30131,30388,5.76968
30132,29995,2.0177
30132,30003,3.06655
30132,30009,2.20216
30132,30120,4.36269
30132,30140,1.09295
30132,30141,4.54344
30132,30282,4.33266
30136,29986,2.52734
30136,30149,7.59238
30136,30171,4.09826
30136,30254,4.22504
30136,30271,3.60245
30136,30273,5.8208
30136,30309,2.85975
30138,29956,3.8103
30138,30022,3.49866
30138,30151,4.68971
30138,30272,2.50345
30138,30279,4.53212
30138,30284,3.12585
30138,30292,8.00287
30139,29989,5.13331
30139,30090,3.9545
30139,30142,2.63095
30139,30191,5.76805
30139,30382,5.16433
30140,29957,2.77108
30140,30003,3.54311
30140,30008,5.2159
30140,30132,1.09295
30140,30141,3.84991
30140,30281,0.5982
30141,29957,4.35245
30141,30009,5.45745
30141,30132,4.54344
30141,30140,3.84991
30141,30148,2.08758
30142,29989,4.50815
30142,29990,7.52198
30142,30139,2.63095
30142,30191,4.17096
30142,30332,4.44844
30143,29959,2.81418
30143,29999,2.78608
30143,30010,5.32859
30143,30011,8.40668
30143,30154,1.1696
30143,30297,4.84864
30144,30011,10.6039
30144,30012,9.28263
30144,30127,1.99035
30144,30157,1.98741
30144,30275,3.32647
30144,30299,4.55154
30147,30019,4.78528
30147,30123,7.95194
30147,30292,5.04459
30147,30301,3.16759
30147,30436,8.70283
30148,29957,5.0693
30148,30009,4.22826
30148,30010,3.32068
30148,30141,2.08758
30148,30297,1.87048
30148,30305,7.59042
30149,30136,7.59238
30149,30168,4.20304
30149,30271,4.0391
30149,30309,4.64588
30150,30007,7.74012
30150,30106,5.86649
30150,30258,5.42212
30150,30316,6.80349
30150,30331,5.48403
30150,30426,5.00647
30151,30019,5.34314
30151,30022,4.81597
30151,30138,4.68971
30151,30169,2.48807
30151,30177,5.41509
30151,30292,4.59375
30151,30315,4.34959
30153,30006,3.92707
30153,30030,4.67554
30153,30290,4.2394
30153,30295,7.27791
30153,30307,8.17207
30153,30310,3.32623
30154,29959,6.39436
30154,30143,1.1696
30154,30163,2.7629
30154,30164,4.16225
30154,30297,4.52223
30154,30311,2.29239
30156,30012,2.76816
30156,30157,8.04866
30156,30291,7.90791
30157,30012,5.71015
30157,30034,3.15173
30157,30144,1.98741
30157,30156,8.04866
30157,30164,1.8353
30157,30299,9.26885
30159,30014,6.07751
30159,30035,5.68036
30159,30174,2.63548
30159,30300,6.35151
30159,30363,4.0359
30159,30434,6.45632
30162,29957,2.4116
30162,30027,6.18049
30162,30186,2.53284
30162,30193,1.51053
30162,30296,2.36262
30162,30305,2.74042
30162,30308,8.69017
30162,30318,3.64662
30163,30027,3.58465
30163,30033,3.04136
30163,30154,2.7629
30163,30297,4.08758
30163,30305,3.32634
30163,30311,5.30847
30164,29959,4.54571
30164,30034,7.22487
30164,30154,4.16225
30164,30157,1.8353
30164,30299,3.37074
30164,30311,4.1894
30164,30324,5.48161
30168,30021,7.35912
30168,30029,2.93933
30168,30149,4.20304
30168,30271,2.36867
30168,30309,3.28738
30168,30326,2.8361
30168,30380,6.06707
30169,30022,4.32575
30169,30037,4.8995
30169,30151,2.48807
30169,30170,4.60103
30169,30190,1.10921
30169,30315,5.65592
30170,30022,2.94113
30170,30025,6.15104
30170,30037,1.51236
30170,30169,4.60103
30170,30183,4.9683
30171,30031,1.90535
30171,30136,4.09826
30171,30189,4.36931
30171,30273,2.98886
30171,30298,9.18057
30171,30309,4.39398
30171,30327,4.97993
30174,30035,7.82362
30174,30041,8.4172
30174,30159,2.63548
30174,30176,4.379
30174,30300,6.34451
30174,30333,2.29806
30176,30041,6.80676
30176,30174,4.379
30176,30177,7.82266
30176,30195,3.66686
30176,30300,5.89447
30176,30301,8.06349
30177,30019,4.33245
30177,30151,5.41509
30177,30176,7.82266
30177,30188,8.41472
30177,30195,2.55494
30177,30301,2.0942
30177,30315,3.21912
30177,30334,1.52226
30178,29962,7.00226
30178,30184,2.70004
30178,30307,1.78776
30178,30310,2.81026
30178,30321,5.03904
30178,30336,3.32849
30183,30025,3.96649
30183,30037,4.50446
30183,30170,4.9683
30183,30196,3.95463
30183,30199,2.64434
30183,30321,5.41521
30184,30046,5.21714
30184,30178,2.70004
30184,30310,8.26455
30184,30322,0.719506
30184,30329,3.72439
30184,30336,2.53967
30186,30162,2.53284
30186,30193,5.37273
30186,30308,2.07809
30186,30323,7.21211
30186,30343,3.99532
30188,30177,8.41472
30188,30190,4.25979
30188,30315,2.79954
30188,30334,6.20223
30188,30335,3.86746
30189,30056,4.05772
30189,30171,4.36931
30189,30219,4.52899
30189,30309,6.2243
30189,30326,1.3162
30189,30327,2.94097
30190,30037,7.3515
30190,30051,1.67646
30190,30169,1.10921
30190,30188,4.25979
30190,30315,4.06277
30190,30335,5.98313
30191,30139,5.76805
30191,30142,4.17096
30191,30332,4.37167
30191,30382,2.61464
30191,30383,3.58655
30191,30413,6.69262
30191,30422,3.17601
30192,29963,6.646
30192,29964,2.87244
30192,30032,4.60681
30192,30042,0.607886
30192,30063,4.01048
30192,30202,8.4826
30193,30043,3.69851
30193,30162,1.51053
30193,30186,5.37273
30193,30200,5.18195
30193,30318,8.35031
30193,30343,3.95889
30194,30075,5.03918
30194,30223,4.42037
30194,30316,10.7041
30194,30331,3.32443
30195,30041,4.2345
30195,30176,3.66686
30195,30177,2.55494
30195,30334,7.4999
30195,30339,5.70149
30195,30348,4.21071
30196,30052,1.37039
30196,30183,3.95463
30196,30199,7.52712
30196,30203,5.96836
30196,30321,4.99545
30196,30336,2.36097
30199,30037,4.68426
30199,30051,5.6968
30199,30052,5.58997
30199,30183,2.64434
30199,30196,7.52712
30200,30043,2.25754
30200,30053,5.22807
30200,30057,1.61946
30200,30193,5.18195
30200,30206,7.62563
30200,30343,4.68106
30201,30051,1.8881
30201,30214,4.94659
30201,30215,4.75714
30201,30334,3.25343
30201,30335,7.91038
30201,30348,3.01269
30202,30042,3.70034
30202,30061,6.87436
30202,30063,3.92238
30202,30192,8.4826
30203,29944,6.75129
30203,30052,3.38529
30203,30196,5.96836
30203,30336,5.43247
30203,30352,3.00758
30204,30046,3.1828
30204,30048,4.79668
30204,30071,1.91871
30204,30209,5.38813
30204,30329,6.17403
30204,30354,7.07549
30206,30043,3.22317
30206,30057,4.45766
30206,30200,7.62563
30206,30344,7.37467
30208,29977,5.57334
30208,30066,4.92641
30208,30068,2.75382
30208,30333,2.2761
30208,30339,9.98859
30208,30347,4.78767
30208,30348,2.89688
30208,30357,2.99716
30209,30048,5.49126
30209,30071,3.62962
30209,30204,5.38813
30209,30211,1.79974
30209,30220,7.25701
30211,29980,6.91599
30211,30048,1.60142
30211,30053,4.36444
30211,30209,1.79974
30211,30220,2.10068
30211,30330,3.00028
30211,30343,3.9887
30214,29978,4.92856
30214,30068,3.24443
30214,30084,4.14373
30214,30201,4.94659
30214,30215,1.80093
30214,30348,6.45033
30215,29978,7.72627
30215,30051,7.65837
30215,30052,3.07524
30215,30086,3.26046
30215,30201,4.75714
30215,30214,1.80093
30215,30254,2.70904
30218,30070,4.81507
30218,30071,1.67233
30218,30103,2.96961
30218,30352,5.46634
30218,30354,4.62137
30219,29989,3.94274
30219,30056,2.81541
30219,30090,4.69597
30219,30189,4.52899
30219,30326,6.18263
30220,29980,3.07981
30220,30071,3.83994
30220,30209,7.25701
30220,30211,2.10068
30220,30256,5.98038
30223,29958,2.95779
30223,30063,5.3424
30223,30075,7.70202
30223,30194,4.42037
30223,30331,5.1193
30223,30424,5.06505
30224,30067,6.20673
30224,30073,7.16388
30224,30074,7.00981
30224,30082,3.89599
30224,30430,2.95438
30224,30431,5.39035
30229,29982,3.24213
30229,30067,5.58775
30229,30083,10.5903
30229,30230,2.74702
30229,30236,3.47794
30229,30378,7.06993
30229,30430,4.42819
30230,30229,2.74702
30230,30236,7.3448
30230,30378,7.12245
30235,29948,3.9772
30235,30081,8.80514
30235,30241,6.58755
30235,30246,8.55663
30235,30376,5.30623
30236,30083,6.6645
30236,30095,6.34296
30236,30229,3.47794
30236,30230,7.3448
30237,30096,6.58524
30237,30098,4.43915
30237,30356,3.73593
30237,30357,7.32428
30237,30395,5.11423
30241,30097,7.01847
30241,30235,6.58755
30241,30246,2.90704
30241,30367,4.20354
30241,30368,8.49338
30241,30376,3.76199
30242,29948,4.62984
30242,29984,4.28216
30242,30074,4.94396
30242,30082,4.20692
30242,30093,3.2217
30242,30100,5.19229
30242,30247,3.64697
30246,29948,6.35185
30246,29991,1.82939
30246,30097,3.44262
30246,30099,8.75283
30246,30235,8.55663
30246,30241,2.90704
30246,30257,4.44424
30247,30093,5.10309
30247,30100,6.7534
30247,30105,0.934648
30247,30242,3.64697
30247,30259,1.80747
30250,29977,5.30765
30250,30066,0.78245
30250,30084,4.49675
30250,30098,6.54259
30250,30128,2.81814
30250,30131,4.88318
30250,30286,2.16484
30251,30095,9.17484
30251,30253,4.62752
30251,30260,5.17277
30251,30267,7.97194
30253,30095,4.26457
30253,30251,4.62752
30253,30267,5.08167
30253,30276,5.36284
30254,29978,3.69773
30254,29986,2.64671
30254,30086,9.00236
30254,30117,3.47865
30254,30136,4.22504
30254,30215,2.70904
30254,30271,6.36058
30256,29950,7.66145
30256,29980,3.05669
30256,30071,3.56071
30256,30103,3.27668
30256,30220,5.98038
30256,30289,6.70429
30257,29991,6.82577
30257,30099,1.63171
30257,30113,8.61545
30257,30114,3.14683
30257,30246,4.44424
30257,30280,2.23779
30258,29981,6.14321
30258,30007,5.68803
30258,30057,6.62487
30258,30060,2.23859
30258,30106,7.35378
30258,30150,5.42212
30259,29996,3.75137
30259,30093,4.09328
30259,30105,6.91894
30259,30107,6.18441
30259,30247,1.80747
30260,29995,4.55682
30260,30094,7.12492
30260,30095,3.01593
30260,30108,0.638306
30260,30115,8.54774
30260,30251,5.17277
30260,30267,0.153174
30264,30097,7.11696
30264,30099,5.8621
30264,30113,3.31791
30264,30124,3.30866
30264,30272,4.05394
30264,30279,8.82252
30265,30096,13.3276
30265,30395,4.27645
30265,30406,6.00838
30265,30407,0.60392
30267,30115,6.58044
30267,30127,2.74734
30267,30251,7.97194
30267,30253,5.08167
30267,30260,0.153174
30267,30275,8.77665
30267,30276,3.04318
30270,30111,10.4355
30270,30123,4.91132
30270,30435,11.1329
30270,30436,5.41086
30271,30021,5.01244
30271,30117,4.27284
30271,30136,3.60245
30271,30149,4.0391
30271,30168,2.36867
30271,30254,6.36058
30272,30097,5.86211
30272,30104,6.74534
30272,30123,13.1231
30272,30138,2.50345
30272,30264,4.05394
30272,30279,5.79819
30272,30292,2.50446
30273,29986,8.20965
30273,29994,5.87457
30273,30070,3.14084
30273,30136,5.8208
30273,30171,2.98886
30273,30288,0.980631
30273,30298,2.94101
30275,30012,5.14242
30275,30127,3.3595
30275,30144,3.32647
30275,30267,8.77665
30275,30276,6.04333
30276,30012,5.39067
30276,30253,5.36284
30276,30267,3.04318
30276,30275,6.04333
30276,30291,6.51436
30279,30124,2.016
30279,30138,4.53212
30279,30264,8.82252
30279,30272,5.79819
30279,30284,6.23185
30280,29954,1.66776
30280,30005,3.44679
30280,30113,2.06079
30280,30114,7.22788
30280,30124,4.70058
30280,30129,5.09007
30280,30257,2.23779
30281,29996,2.94693
30281,30003,5.01671
30281,30008,3.99077
30281,30119,1.91735
30281,30140,0.5982
30281,30285,4.42666
30282,29995,7.41783
30282,29999,6.87205
30282,30009,2.415
30282,30115,4.39237
30282,30132,4.33266
30284,29956,5.06763
30284,30124,7.60427
30284,30138,3.12585
30284,30279,6.23185
30285,30006,7.90966
30285,30008,2.04632
30285,30119,5.73263
30285,30130,3.28681
30285,30281,4.42666
30286,29993,7.36075
30286,30021,3.76249
30286,30084,5.12447
30286,30131,6.62155
30286,30250,2.16484
30286,30386,5.99728
30288,29994,6.82048
30288,30031,5.55889
30288,30103,5.58014
30288,30273,0.980631
30288,30289,2.97237
30288,30298,6.5063
30289,29950,0.448855
30289,29955,3.80805
30289,29963,3.30488
30289,30031,1.86962
30289,30032,3.83759
30289,30103,3.70202
30289,30256,6.70429
30289,30288,2.97237
30290,30006,4.84258
30290,30129,3.06879
30290,30130,2.75596
30290,30153,4.2394
30290,30294,7.37191
30290,30307,1.27532
30291,30012,7.40342
30291,30156,7.90791
30291,30276,6.51436
30292,30019,3.82323
30292,30123,4.18371
30292,30138,8.00287
30292,30147,5.04459
30292,30151,4.59375
30292,30272,2.50446
30293,30006,2.75427
30293,30008,4.94929
30293,30295,4.9968
30293,30296,5.00248
30293,30304,5.19105
30294,29962,3.40827
30294,30005,5.29502
30294,30129,2.05186
30294,30290,7.37191
30294,30303,4.87658
30294,30307,4.76264
30295,30006,4.47532
30295,30030,3.78095
30295,30153,7.27791
30295,30293,4.9968
30295,30304,4.35966
30296,29957,9.25455
30296,30008,2.32435
30296,30162,2.36262
30296,30293,5.00248
30296,30304,2.20672
30296,30308,4.02086
30297,30010,4.10177
30297,30143,4.84864
30297,30148,1.87048
30297,30154,4.52223
30297,30163,4.08758
30297,30305,4.74547
30298,30031,2.65924
30298,30171,9.18057
30298,30273,2.94101
30298,30288,6.5063
30299,29959,5.20722
30299,30011,1.74858
30299,30144,4.55154
30299,30157,9.26885
30299,30164,3.37074
30300,30014,7.17898
30300,30159,6.35151
30300,30174,6.34451
30300,30176,5.89447
30300,30301,6.21762
30300,30436,5.05605
30301,30019,9.67935
30301,30147,3.16759
30301,30176,8.06349
30301,30177,2.0942
30301,30300,6.21762
30301,30436,4.8314
30303,29954,4.62337
30303,29956,4.27688
30303,29962,4.62016
30303,30005,3.06813
30303,30025,5.86071
30303,30294,4.87658
30304,30030,2.46827
30304,30293,5.19105
30304,30295,4.35966
30304,30296,2.20672
30304,30308,5.41194
30304,30317,1.94736
30305,29957,3.04689
30305,30027,5.26004
30305,30148,7.59042
30305,30162,2.74042
30305,30163,3.32634
30305,30297,4.74547
30307,29962,4.01086
30307,30153,8.17207
30307,30178,1.78776
30307,30290,1.27532
30307,30294,4.76264
30307,30310,5.83473
30308,30162,8.69017
30308,30186,2.07809
30308,30296,4.02086
30308,30304,5.41194
30308,30317,6.03121
30308,30323,2.22366
30309,30136,2.85975
30309,30149,4.64588
30309,30168,3.28738
30309,30171,4.39398
30309,30189,6.2243
30309,30326,6.5852
30310,30030,2.28562
30310,30153,3.32623
30310,30178,2.81026
30310,30184,8.26455
30310,30307,5.83473
30310,30322,3.49688
30311,29965,4.49194
30311,30033,3.23987
30311,30154,2.29239
30311,30163,5.30847
30311,30164,4.1894
30311,30324,2.25726
30315,30151,4.34959
30315,30169,5.65592
30315,30177,3.21912
30315,30188,2.79954
30315,30190,4.06277
30316,30150,6.80349
30316,30194,10.7041
30316,30331,3.57752
30316,30426,7.36894
30317,30030,6.88946
30317,30304,1.94736
30317,30308,6.03121
30317,30322,4.18705
30317,30323,4.92766
30317,30330,3.48507
30318,30027,3.27936
30318,30033,3.91127
30318,30043,3.54364
30318,30162,3.64662
30318,30193,8.35031
30321,29962,3.80103
30321,30025,0.994462
30321,30178,5.03904
30321,30183,5.41521
30321,30196,4.99545
30321,30336,5.74633
30322,30030,4.92766
30322,30048,1.2767
30322,30184,0.719506
30322,30310,3.49688
30322,30317,4.18705
30322,30329,7.37905
30322,30330,2.94821
30323,30186,7.21211
30323,30308,2.22366
30323,30317,4.92766
30323,30330,5.45014
30323,30343,3.39046
30324,29965,8.73149
30324,30034,5.75
30324,30164,5.48161
30324,30311,2.25726
30324,30338,4.75406
30326,30090,1.52774
30326,30168,2.8361
30326,30189,1.3162
30326,30219,6.18263
30326,30309,6.5852
30326,30380,4.02507
30326,30381,4.00047
30327,29972,0.173615
30327,30031,4.61419
30327,30032,0.685262
30327,30042,6.04306
30327,30056,3.9314
30327,30171,4.97993
30327,30189,2.94097
30329,30046,2.55945
30329,30048,2.61496
30329,30184,3.72439
30329,30204,6.17403
30329,30322,7.37905
30330,30048,9.93003
30330,30211,3.00028
30330,30317,3.48507
30330,30322,2.94821
30330,30323,5.45014
30330,30343,4.89283
30331,29964,7.46611
30331,30007,0.325337
30331,30063,3.43004
30331,30150,5.48403
30331,30194,3.32443
30331,30223,5.1193
30331,30316,3.57752
30332,29958,4.91927
30332,29990,3.49015
30332,30142,4.44844
30332,30191,4.37167
30332,30421,8.10593
30332,30422,6.59055
30333,30035,3.35561
30333,30041,5.11867
30333,30174,2.29806
30333,30208,2.2761
30333,30339,5.71649
30333,30347,10.3659
30334,30177,1.52226
30334,30188,6.20223
30334,30195,7.4999
30334,30201,3.25343
30334,30335,1.7737
30334,30348,4.61674
30335,30051,3.84531
30335,30188,3.86746
30335,30190,5.98313
30335,30201,7.91038
30335,30334,1.7737
30336,30046,8.43316
30336,30178,3.32849
30336,30184,2.53967
30336,30196,2.36097
30336,30203,5.43247
30336,30321,5.74633
30336,30352,3.3913
30338,29965,3.63808
30338,29974,6.4525
30338,30034,2.80694
30338,30324,4.75406
30338,30345,6.04934
30339,30041,5.31417
30339,30195,5.70149
30339,30208,9.98859
30339,30333,5.71649
30339,30348,2.86926
30343,30053,5.28435
30343,30186,3.99532
30343,30193,3.95889
30343,30200,4.68106
30343,30211,3.9887
30343,30323,3.39046
30343,30330,4.89283
30344,29965,2.45972
30344,30043,5.89076
30344,30057,2.2258
30344,30060,4.9033
30344,30206,7.37467
30344,30345,8.67221
30345,29965,3.20626
30345,29974,5.36419
30345,30060,4.05665
30345,30338,6.04934
30345,30344,8.67221
30347,30035,4.34799
30347,30208,4.78767
30347,30333,10.3659
30347,30356,4.90577
30347,30357,4.38423
30347,30364,4.88625
30347,30365,5.06264
30348,30068,5.60436
30348,30195,4.21071
30348,30201,3.01269
30348,30208,2.89688
30348,30214,6.45033
30348,30334,4.61674
30348,30339,2.86926
30352,29944,2.92551
30352,30046,2.90804
30352,30070,4.59294
30352,30203,3.00758
30352,30218,5.46634
30352,30336,3.3913
30352,30354,2.29872
30354,30046,4.68447
30354,30071,4.07851
30354,30204,7.07549
30354,30218,4.62137
30354,30352,2.29872
30356,30096,6.43568
30356,30237,3.73593
30356,30347,4.90577
30356,30357,4.95532
30356,30365,7.00183
30357,30066,6.62967
30357,30098,0.56559
30357,30208,2.99716
30357,30237,7.32428
30357,30347,4.38423
30357,30356,4.95532
30363,30035,9.93728
30363,30159,4.0359
30363,30364,10.666
30363,30434,5.51754
30364,30035,5.18727
30364,30347,4.88625
30364,30363,10.666
30364,30365,12.6263
30365,30347,5.06264
30365,30356,7.00183
30365,30364,12.6263
30367,30241,4.20354
30367,30368,4.7094
30367,30376,15.5005
30368,30097,5.86238
30368,30104,4.86611
30368,30241,8.49338
30368,30367,4.7094
30376,30073,7.7143
30376,30081,5.01294
30376,30235,5.30623
30376,30241,3.76199
30376,30367,15.5005
30378,30229,7.06993
30378,30230,7.12245
30378,30430,6.49803
30380,30029,3.16711
30380,30168,6.06707
30380,30326,4.02507
30380,30381,5.26985
30380,30385,4.23939
30381,30090,3.82949
30381,30326,4.00047
30381,30380,5.26985
30381,30384,6.6692
30381,30385,1.33299
30382,30090,3.5118
30382,30139,5.16433
30382,30191,2.61464
30382,30383,6.70927
30382,30384,3.26409
30382,30400,1.78013
30382,30401,4.37619
30383,30191,3.58655
30383,30382,6.70927
30383,30401,3.12872
30383,30413,3.43512
30383,30417,5.58048
30383,30418,7.35196
30384,30090,2.37854
30384,30381,6.6692
30384,30382,3.26409
30384,30385,1.55727
30384,30399,2.26588
30384,30400,3.6452
30385,30029,6.55251
30385,30380,4.23939
30385,30381,1.33299
30385,30384,1.55727
30385,30387,1.97123
30385,30391,5.5037
30385,30399,5.30556
30386,30021,4.44376
30386,30029,2.14274
30386,30131,2.79644
30386,30286,5.99728
30386,30387,7.97904
30387,30029,2.52353
30387,30131,1.12406
30387,30385,1.97123
30387,30386,7.97904
30387,30388,5.12549
30387,30390,3.11375
30387,30391,2.23918
30388,30128,3.8535
30388,30131,5.76968
30388,30387,5.12549
30388,30389,8.02197
30388,30390,3.75473
30389,30128,1.28226
30389,30388,8.02197
30389,30390,3.49394
30389,30395,2.63654
30389,30396,6.89092
30390,30387,3.11375
30390,30388,3.75473
30390,30389,3.49394
30390,30391,4.30348
30390,30392,3.08652
30390,30393,1.41259
30390,30394,5.20865
30390,30396,1.68745
30391,30385,5.5037
30391,30387,2.23918
30391,30390,4.30348
30391,30392,5.70919
30391,30399,3.14357
30392,30390,3.08652
30392,30391,5.70919
30392,30393,5.26413
30392,30399,0.465485
30392,30402,2.23023
30393,30390,1.41259
30393,30392,5.26413
30393,30394,3.79672
30393,30397,3.71201
30393,30402,2.8509
30393,30405,5.83019
30393,30410,4.03421
30394,30390,5.20865
30394,30393,3.79672
30394,30396,4.97566
30394,30397,6.35502
30394,30398,0.735361
30395,30096,2.33906
30395,30098,3.53157
30395,30128,7.31726
30395,30237,5.11423
30395,30265,4.27645
30395,30389,2.63654
30395,30396,3.47052
30395,30406,6.93605
30396,30389,6.89092
30396,30390,1.68745
30396,30394,4.97566
30396,30395,3.47052
30396,30398,6.4919
30396,30406,4.67365
30397,30393,3.71201
30397,30394,6.35502
30397,30398,4.1269
30397,30409,6.52818
30397,30410,2.8763
30398,30394,0.735361
30398,30396,6.4919
30398,30397,4.1269
30398,30406,1.17778
30398,30407,4.86559
30398,30408,3.83243
30398,30409,1.14212
30399,30384,2.26588
30399,30385,5.30556
30399,30391,3.14357
30399,30392,0.465485
30399,30400,5.52472
30399,30402,4.77713
30400,30382,1.78013
30400,30384,3.6452
30400,30399,5.52472
30400,30401,4.79858
30400,30402,1.62295
30401,30382,4.37619
30401,30383,3.12872
30401,30400,4.79858
30401,30402,4.85481
30401,30403,2.9196
30401,30417,4.30148
30402,30392,2.23023
30402,30393,2.8509
30402,30399,4.77713
30402,30400,1.62295
30402,30401,4.85481
30402,30403,1.17645
30402,30405,4.17559
30403,30401,2.9196
30403,30402,1.17645
30403,30405,8.18058
30403,30410,3.22804
30403,30411,5.48644
30403,30417,6.14367
30405,30393,5.83019
30405,30402,4.17559
30405,30403,8.18058
30405,30410,3.31377
30406,30265,6.00838
30406,30395,6.93605
30406,30396,4.67365
30406,30398,1.17778
30406,30407,10.7348
30407,30265,0.60392
30407,30398,4.86559
30407,30406,10.7348
30407,30408,4.11341
30408,30398,3.83243
30408,30407,4.11341
30408,30409,8.77428
30409,30397,6.52818
30409,30398,1.14212
30409,30408,8.77428
30409,30410,5.11078
30410,30393,4.03421
30410,30397,2.8763
30410,30403,3.22804
30410,30405,3.31377
30410,30409,5.11078
30410,30411,3.07502
30411,30403,5.48644
30411,30410,3.07502
30411,30414,6.59429
30411,30417,4.89793
30413,30191,6.69262
30413,30383,3.43512
30413,30418,4.24604
30413,30419,7.34884
30413,30422,7.33889
30414,30411,6.59429
30414,30417,5.23268
30414,30418,5.17922
30417,30383,5.58048
30417,30401,4.30148
30417,30403,6.14367
30417,30411,4.89793
30417,30414,5.23268
30417,30418,4.24734
30418,30383,7.35196
30418,30413,4.24604
30418,30414,5.17922
30418,30417,4.24734
30418,30419,6.28157
30419,30413,7.34884
30419,30418,6.28157
30421,29958,4.86447
30421,30332,8.10593
30421,30422,5.73361
30421,30424,7.7288
30422,30191,3.17601
30422,30332,6.59055
30422,30413,7.33889
30422,30421,5.73361
30424,29958,7.99741
30424,30075,6.35068
30424,30223,5.06505
30424,30421,7.7288
30426,30106,5.45978
30426,30150,5.00647
30426,30316,7.36894
30426,30427,13.4603
30427,30106,3.20348
30427,30426,13.4603
30427,30428,8.62137
30428,29974,7.43188
30428,30106,4.50704
30428,30427,8.62137
30430,30067,10.8142
30430,30224,2.95438
30430,30229,4.42819
30430,30378,6.49803
30430,30431,7.81068
30431,30224,5.39035
30431,30430,7.81068
30433,30014,4.86859
30433,30434,8.30779
30433,30435,7.1813
30434,30014,5.76628
30434,30159,6.45632
30434,30363,5.51754
30434,30433,8.30779
30435,30014,6.88703
30435,30270,11.1329
30435,30433,7.1813
30435,30436,4.3605
30436,30014,6.10414
30436,30123,4.60422
30436,30147,8.70283
30436,30270,5.41086
30436,30300,5.05605
30436,30301,4.8314
30436,30435,4.3605
