label, neighbor, wall area
2,4112,5.54336
2,12443,17.9933
2,12444,9.5804
2,12448,9.02702
2,12451,5.96368
2,12455,2.75505
13,3029,11.0554
13,3115,5.58444
13,4365,1.24698
13,12465,12.6978
13,12793,9.18811
13,12814,6.07643
350,4112,10.3329
350,12145,8.25296
350,12160,2.71367
350,12161,1.53313
350,12451,6.26765
350,12456,6.66832
350,12459,7.31525
520,3078,7.60198
520,6799,1.61753
520,12109,7.62187
520,12747,2.93841
520,12784,13.1657
520,12975,6.46935
522,4625,3.00691
522,5668,9.65434
522,12458,2.23368
522,12466,12.8197
522,12481,0.613343
522,12485,8.07036
697,12162,0.514953
697,12170,4.54944
697,12182,2.11793
697,12467,4.56284
697,12471,2.80249
697,12888,1.00846
697,12889,4.33882
698,12133,7.78025
698,12174,7.51102
698,12256,2.55462
698,12257,10.9556
698,12457,7.6079
1016,5670,4.10649
1016,12169,0.281191
1016,12179,9.83071
1016,12510,5.6129
1016,12847,3.28358
1016,12848,1.89299
1154,1262,11.3157
1154,1413,9.10014
1154,5668,6.83657
1154,12198,4.56047
1154,12517,8.83361
1262,1154,11.3157
1262,1413,3.78069
1262,12198,8.78606
1262,12219,3.7677
1262,12238,4.26722
1262,12540,10.6874
1413,1154,9.10014
1413,1262,3.78069
1413,12264,7.09819
1413,12273,21.7121
1413,12517,15.9475
1413,12540,3.98743
1494,12118,5.93308
1494,12346,7.90589
1494,12580,3.54304
1494,12639,7.27895
1494,12754,5.19879
1494,12969,6.66745
1495,12251,3.49538
1495,12267,1.22181
1495,12553,2.81548
1495,12567,5.0748
1495,12568,1.84549
1495,12987,2.5785
1495,12988,4.91484
1496,1650,1.29945
1496,7232,4.07915
1496,7482,4.01856
1496,12242,0.553046
1496,12268,6.53912
1496,12563,3.81284
1496,12989,5.97349
1650,1496,1.29945
1650,8062,5.14747
1650,12268,4.08047
1650,12563,5.66301
1650,12570,5.78157
1652,12543,7.85102
1653,8473,1.95996
1653,12247,6.53443
1653,12283,10.4926
1653,12295,5.14906
1653,12599,6.9698
1707,8060,5.11692
1707,12250,1.0702
1707,12265,7.5126
1707,12562,9.60469
1707,12591,3.76138
1707,12826,7.16923
1707,43744,6.19058
1708,8061,2.22188
1708,8259,6.02191
1708,12277,8.12837
1708,12567,2.74294
1708,12593,4.59171
1708,12594,2.98019
2172,12662,2.66942
2174,8665,5.44308
2174,12336,8.07861
2174,12367,5.08815
2175,2298,3.33458
2175,12351,8.59837
2175,12376,9.02015
2175,12622,17.0874
2175,12661,13.683
2297,10339,6.16592
2297,12354,1.32396
2297,12372,1.56248
2297,12388,6.0509
2297,12637,8.66827
2297,12648,6.44815
2297,12657,7.49511
2297,12665,0.432444
2298,2175,3.33458
2298,12351,4.52971
2298,12376,8.35742
2298,12660,4.29691
2298,12678,3.84877
2357,12353,7.76836
2357,12354,7.17195
2357,12363,2.29967
2357,12657,3.8635
2357,12671,16.3681
2357,12708,6.04803
2473,12323,2.39402
2473,12546,5.84735
2473,12617,9.26507
2473,12684,10.0677
2473,12737,9.16132
2473,12777,10.2943
2725,10868,6.23796
2725,12423,5.72699
2725,12428,1.7536
2725,12696,3.24235
2725,12743,6.88963
2725,12761,4.96402
2893,12728,2.39562
2893,12757,4.97749
2893,12759,8.5042
2893,12773,1.21261
2893,12788,8.61545
2893,12807,1.33664
2893,12808,2.79074
2894,12743,4.62828
2894,12760,1.54189
2894,12761,4.31772
2894,12790,6.78131
2962,12171,4.1506
2962,12406,5.80106
2962,12486,11.7587
2962,12717,10.2233
2962,12756,1.08362
2962,12758,3.34106
3028,12103,8.12412
3028,12133,1.33169
3028,12742,6.52964
3028,12772,11.4456
3028,12802,4.11497
3029,13,11.0554
3029,3115,1.10458
3029,11772,7.24182
3029,12766,1.07171
3029,12776,7.78803
3029,12793,2.46447
3074,12117,5.78051
3074,12487,16.6141
3074,12489,8.20726
3074,12547,2.37789
3074,12755,13.0927
3074,12802,13.2157
3077,12107,4.80392
3077,12436,5.43498
3077,12760,1.2566
3077,12773,0
3077,12790,5.4258
3077,12808,4.29793
3078,520,7.60198
3078,6799,2.86763
3078,11272,7.15433
3078,12154,8.39978
3078,12425,2.32798
3078,12780,1.82105
3078,12784,3.53539
3115,13,5.58444
3115,3029,1.10458
3115,4365,6.02138
3115,11577,2.95219
3115,11772,7.20518
3115,12816,7.92887
3478,12293,9.07272
3478,12580,5.81999
3478,12639,3.08686
4111,4364,1.44458
4111,4626,8.04104
4111,12110,2.92404
4111,12137,7.06834
4111,12443,8.67457
4111,12454,12.4823
4111,12455,12.6281
4112,2,5.54336
4112,350,10.3329
4112,4364,3.2605
4112,12145,4.50774
4112,12451,7.92161
4112,12455,13.7453
4112,12982,4.84286
4282,4625,6.40433
4282,4628,7.59097
4282,12127,11.933
4282,12137,6.94622
4282,12458,3.64745
4283,5277,5.47329
4283,12139,6.42412
4283,12436,7.1062
4283,12472,4.39428
4283,12490,0.44517
4308,11983,2.12954
4308,12122,5.93715
4308,12462,1.90401
4308,12911,5.37552
4308,12912,1.78668
4308,12914,8.0549
4308,12920,6.09577
4308,12930,2.46859
4364,4111,1.44458
4364,4112,3.2605
4364,4626,5.65692
4364,12455,8.71163
4364,12470,7.12106
4364,12982,11.0496
4365,13,1.24698
4365,3115,6.02138
4365,11984,2.89842
4365,12465,8.9971
4365,12479,0.926214
4365,12480,5.47179
4365,12816,6.76597
4625,522,3.00691
4625,4282,6.40433
4625,4628,5.80554
4625,12458,15.7219
4625,12481,8.09564
4626,4111,8.04104
4626,4364,5.65692
4626,4639,14.3392
4626,12137,4.96684
4626,12181,3.99824
4626,12191,1.46094
4626,12470,11.9267
4628,4282,7.59097
4628,4625,5.80554
4628,12137,1.97247
4628,12153,4.14953
4628,12169,3.77471
4628,12179,6.07957
4628,12481,4.72452
4631,12142,4.47975
4631,12170,4.10144
4631,12460,2.0042
4631,12471,5.75292
4631,12998,7.38942
4632,12140,2.89201
4632,12178,3.39043
4632,12461,4.02728
4632,12472,4.97377
4632,12490,4.93521
4632,12918,3.67604
4639,4626,14.3392
4639,12137,2.72661
4639,12153,13.3806
4639,12191,4.38693
5277,4283,5.47329
5277,12139,2.98288
5277,12157,2.36617
5277,12211,7.4271
5277,12490,5.89063
5279,5280,10.2903
5279,12172,4.12519
5279,12173,3.78554
5279,12184,4.17847
5279,12991,0.370724
5279,12992,3.94522
5280,5279,10.2903
5280,12173,8.19518
5280,12194,3.60466
5280,12504,7.67708
5280,12991,5.87295
5281,12171,8.45126
5281,12758,3.64347
5668,522,9.65434
5668,1154,6.83657
5668,12198,4.92471
5668,12485,7.45236
5668,12517,10.0907
5669,5670,6.41168
5669,12198,7.51315
5669,12199,6.41451
5669,12485,4.92353
5670,1016,4.10649
5670,5669,6.41168
5670,12169,8.37772
5670,12199,5.06417
5670,12485,1.75757
5670,12510,3.25293
5751,12480,15.1456
6240,7481,5.97299
6240,8472,7.88
6240,12174,2.21613
6240,12596,3.91296
6241,12233,4.40255
6241,12999,0.318064
6241,13000,6.95526
6241,13001,0.78322
6241,22707,3.29245
6241,22708,1.04928
6241,22711,4.16651
6545,7035,3.84407
6545,12213,5.60623
6545,12504,6.5305
6545,12991,1.98286
6545,22714,4.10671
6545,22715,6.87913
6546,7235,1.93823
6546,12213,8.38539
6546,12227,10.6954
6546,12245,5.68406
6546,12505,1.40666
6546,12554,5.89624
6799,520,1.61753
6799,3078,2.86763
6799,12154,6.59199
6799,12612,7.83042
6799,12975,6.775
6799,12976,4.4565
6799,43750,10.2227
7035,6545,3.84407
7035,12991,5.59349
7035,12992,3.71984
7035,13002,1.32235
7035,13003,0.586295
7035,22714,5.11791
7037,12218,1.57036
7037,12248,5.44163
7037,12266,6.91674
7231,12519,0.503185
7231,12536,5.31293
7231,12542,7.58067
7231,12553,2.69865
7231,12852,3.07374
7232,1496,4.07915
7232,12230,1.42622
7232,12241,0.481254
7232,12242,6.90104
7232,12258,6.97167
7232,12268,2.27803
7234,7482,5.3336
7234,7483,4.62933
7234,12989,3.50826
7234,12990,0.489794
7234,13007,4.96077
7234,22705,3.99799
7235,6546,1.93823
7235,12227,7.55752
7235,12234,2.43238
7235,12300,2.07144
7235,12554,9.48027
7235,12573,10.5297
7481,6240,5.97299
7481,12174,11.3464
7481,12257,0.37024
7481,12305,6.61488
7481,12596,14.8172
7482,1496,4.01856
7482,7234,5.3336
7482,7483,7.22849
7482,12279,2.87885
7482,12563,6.86153
7482,12571,4.07591
7482,12989,4.33872
7483,7234,4.62933
7483,7482,7.22849
7483,12279,5.86372
7483,12280,2.38431
7483,13007,5.78867
8060,1707,5.11692
8060,12550,3.98249
8060,12562,6.19719
8060,12591,2.65555
8060,12837,7.57752
8061,1708,2.22188
8061,12275,4.07557
8061,12277,3.08432
8061,12593,5.14864
8061,12608,1.66486
8061,12834,8.98676
8061,22702,1.80496
8062,1650,5.14747
8062,12298,4.86195
8062,12312,3.01281
8062,12563,3.55027
8062,12570,1.41037
8062,12584,6.34141
8062,12611,2.7354
8259,1708,6.02191
8259,12567,3.59365
8259,12583,5.58671
8259,12594,4.77482
8260,8470,6.08398
8260,12298,5.64054
8260,12568,5.57577
8260,12569,6.10913
8260,12610,5.17905
8466,8826,4.44716
8466,12623,6.62395
8466,43737,6.9036
8466,43739,3.01916
8466,43740,7.41322
8466,43746,2.28359
8469,12580,11.81
8469,12718,4.86455
8470,8260,6.08398
8470,12322,3.92749
8470,12568,2.0229
8470,12583,8.95238
8470,12610,3.21759
8470,12628,3.78612
8471,8473,5.47562
8471,8666,6.4948
8471,12349,2.09575
8471,12351,9.91076
8471,12578,12.2573
8471,12622,0.935176
8472,6240,7.88
8472,9449,7.54505
8472,12382,2.13255
8472,12596,10.5938
8472,12689,6.6494
8473,1653,1.95996
8473,8471,5.47562
8473,12283,7.9686
8473,12578,5.9681
8473,12599,9.51598
8473,12622,13.5453
8650,12330,2.46906
8650,12608,0.277809
8650,12616,5.0885
8650,12824,2.1632
8650,12825,3.46517
8650,12833,4.63529
8651,9257,2.02216
8651,12321,5.05142
8651,12332,6.18697
8651,12594,7.06895
8651,12609,3.15956
8664,12306,3.74339
8664,12348,1.02768
8664,12597,4.32964
8664,12620,6.29463
8664,12631,5.4369
8665,2174,5.44308
8665,12299,5.068
8665,12300,10.0838
8665,12336,6.31961
8665,12598,0.753961
8666,8471,6.4948
8666,12301,7.41874
8666,12336,6.30813
8666,12349,8.90933
8666,12578,0.982093
8666,12598,4.95351
8826,8466,4.44716
8826,9255,6.27363
8826,12320,5.44431
8826,12623,6.0146
8826,43739,6.33626
8827,9109,0.445896
8827,12326,3.93736
8827,12327,4.38471
8827,12328,8.75092
8827,12615,7.58385
8827,12624,3.50307
8827,12830,3.49429
9109,8827,0.445896
9109,12328,6.2064
9109,12624,13.1214
9109,12637,6.39326
9109,12819,2.5173
9109,12820,8.81378
9110,9257,2.24823
9110,9448,6.63018
9110,12322,4.87755
9110,12628,7.30796
9110,12651,3.90085
9111,12298,2.71571
9111,12312,5.0306
9111,12333,5.4035
9111,12358,7.3855
9111,12610,6.6514
9111,12628,3.80724
9111,12651,2.12511
9113,9645,7.73888
9113,12248,2.3366
9113,12266,7.89131
9113,12408,1.65812
9113,12561,1.02336
9113,12607,2.78258
9113,12655,11.5233
9114,12710,9.48813
9114,12858,4.99673
9114,12859,1.92044
9114,12860,1.31145
9255,8826,6.27363
9255,12320,7.61695
9255,12326,3.82631
9255,12363,4.23895
9255,12371,17.6727
9255,12623,7.73093
9256,12330,4.00813
9256,12344,4.61345
9256,12616,2.77218
9256,12626,6.23456
9256,12818,1.27351
9257,8651,2.02216
9257,9110,2.24823
9257,9448,2.68189
9257,12321,4.57656
9257,12322,5.19672
9257,12332,3.68387
9257,12356,6.56536
9257,12650,3.26462
9258,12333,6.88307
9258,12358,0.829593
9258,12630,4.90863
9258,12652,2.78348
9258,12983,2.29425
9258,12984,3.47677
9259,12347,6.55566
9259,12373,4.69917
9259,12618,4.26363
9259,12630,3.8089
9259,12652,4.88385
9448,9110,6.63018
9448,9257,2.68189
9448,12650,4.85967
9448,12651,5.72079
9448,12673,4.07725
9449,8472,7.54505
9449,12382,7.68749
9449,12689,6.3489
9642,10869,0.699176
9642,12361,5.41923
9642,12629,0.647854
9642,12955,2.06802
9642,12956,2.55305
9642,12963,1.59317
9642,12964,2.44299
9642,12985,3.85961
9644,9645,4.49273
9644,10516,8.55429
9644,12310,5.31825
9644,12408,4.38952
9644,12607,9.00337
9645,9113,7.73888
9645,9644,4.49273
9645,12408,6.67308
9645,12607,4.77075
9646,9994,2.34975
9646,9995,4.4924
9646,12335,1.48707
9646,12359,5.58175
9646,12654,4.05472
9810,12372,9.0476
9810,12389,4.97534
9810,12390,6.71671
9810,12649,0.968482
9810,12665,1.78541
9994,9646,2.34975
9994,9995,6.25343
9994,12359,4.03645
9994,12659,5.63448
9994,12677,1.75271
9994,12687,4.94096
9995,9646,4.4924
9995,9994,6.25343
9995,12411,5.33214
9995,12654,1.06624
9995,12687,1.81596
9995,12688,0.676359
10161,12373,3.48058
10161,12386,0.356874
10161,12398,6.01511
10161,12423,1.98034
10161,12653,2.53922
10161,12677,4.68873
10161,12696,6.67173
10339,2297,6.16592
10339,10653,9.40396
10339,12388,7.24713
10339,12657,3.47155
10339,12708,10.0913
10339,12740,2.58824
10515,12754,3.20122
10515,12868,3.80084
10515,12969,1.68727
10515,12970,3.6089
10515,12985,0.784578
10515,12986,4.53005
10516,9644,8.55429
10516,12310,2.63208
10516,12408,5.09207
10516,12647,3.01191
10516,12717,11.5534
10516,12758,0.954532
10517,12409,6.86249
10517,12667,1.38662
10517,12675,4.57156
10517,12695,5.83414
10517,12728,3.80469
10517,12907,3.97021
10653,10339,9.40396
10653,12388,7.21643
10653,12686,6.48313
10653,12740,8.58811
10653,12741,6.25532
10653,12755,10.4289
10654,11271,2.50622
10654,12398,5.23472
10654,12423,1.7576
10654,12428,3.19323
10654,12676,2.57819
10654,12695,6.43964
10654,12906,1.37718
10655,12678,4.1359
10655,12690,8.89643
10655,12709,4.94069
10655,12711,8.31412
10655,12733,9.91552
10656,12400,7.93239
10656,12661,0.645508
10656,12699,12.0478
10656,12712,6.5792
10656,12746,6.29514
10868,2725,6.23796
10868,11428,1.62982
10868,12677,0.929836
10868,12687,2.85809
10868,12696,4.23598
10868,12715,7.10498
10868,12761,3.65795
10869,9642,0.699176
10869,12118,2.52674
10869,12361,6.33892
10869,12754,10.4913
10869,12756,6.5075
10869,12985,5.22046
11271,10654,2.50622
11271,12428,5.55181
11271,12743,2.17389
11271,12760,4.13617
11271,12773,3.02299
11271,12906,4.63258
11271,12907,3.24286
11272,3078,7.15433
11272,12357,0.858353
11272,12379,6.75029
11272,12424,5.78087
11272,12425,9.36654
11272,12780,7.6662
11425,12109,5.60153
11425,12401,5.54481
11425,12977,2.91746
11428,10868,1.62982
11428,12715,2.63507
11428,12730,4.39386
11428,12761,6.9668
11428,12763,4.10383
11428,12791,3.97402
11428,12810,1.78129
11428,12811,3.13701
11577,3115,2.95219
11577,11772,5.58245
11577,12746,12.2647
11577,12816,5.05258
11772,3029,7.24182
11772,3115,7.20518
11772,11577,5.58245
11772,12746,4.94017
11772,12766,5.32749
11983,4308,2.12954
11983,12122,5.23169
11983,12774,2.73137
11983,12791,4.29361
11983,12909,4.41199
11983,12911,7.43908
11984,4365,2.89842
11984,12816,4.02125
12103,3028,8.12412
12103,12104,0.378079
12103,12133,4.85479
12103,12457,8.96331
12103,12742,2.6691
12103,12786,6.66985
12104,12103,0.378079
12104,12119,5.33719
12104,12174,2.29527
12104,12457,7.30933
12104,12786,8.65014
12104,12804,5.0632
12107,3077,4.80392
12107,12121,4.19827
12107,12140,6.07369
12107,12436,2.40878
12107,12790,3.549
12107,12810,2.13713
12109,520,7.62187
12109,11425,5.60153
12109,12401,2.36657
12109,12747,5.28006
12109,12975,4.41936
12109,12976,4.56693
12109,12977,4.1959
12110,4111,2.92404
12110,12127,9.81419
12110,12443,7.72409
12110,12454,8.79224
12117,3074,5.78051
12117,12149,12.26
12117,12487,7.67179
12117,12506,7.12517
12117,12755,3.8011
12117,12785,19.9448
12118,1494,5.93308
12118,10869,2.52674
12118,12167,6.53937
12118,12346,2.35623
12118,12754,4.26244
12118,12756,5.72942
12119,12104,5.33719
12119,12174,8.85379
12119,12804,6.20721
12121,12107,4.19827
12121,12140,2.18416
12121,12461,4.28789
12121,12810,4.58476
12121,12811,5.01274
12122,4308,5.93715
12122,11983,5.23169
12122,12462,8.34977
12122,12791,5.07775
12122,12811,4.17772
12124,12128,8.96952
12124,12451,9.33543
12124,43756,9.56083
12127,4282,11.933
12127,12110,9.81419
12127,12137,3.17323
12127,12454,7.73727
12128,12124,8.96952
12128,12162,1.37055
12128,12451,5.80162
12128,12456,8.02796
12128,12460,4.42478
12128,12467,5.38102
12128,43756,4.69215
12130,12458,3.83275
12130,12466,9.02783
12133,698,7.78025
12133,3028,1.33169
12133,12103,4.85479
12133,12256,2.45344
12133,12457,6.13553
12133,12507,11.7789
12133,12802,4.35488
12137,4111,7.06834
12137,4282,6.94622
12137,4626,4.96684
12137,4628,1.97247
12137,4639,2.72661
12137,12127,3.17323
12137,12153,5.86585
12137,12454,4.34289
12139,4283,6.42412
12139,5277,2.98288
12139,12157,5.03007
12139,12436,1.93189
12139,12449,2.29817
12139,12807,7.64913
12140,4632,2.89201
12140,12107,6.07369
12140,12121,2.18416
12140,12436,4.13994
12140,12461,3.98303
12140,12472,4.58473
12142,4631,4.47975
12142,12460,10.373
12142,12998,4.1539
12145,350,8.25296
12145,4112,4.50774
12145,12160,6.63259
12145,12492,1.94728
12145,12982,7.74716
12149,12117,12.26
12149,12168,6.77229
12149,12506,3.92196
12149,12546,15.5497
12149,12565,9.43479
12149,12785,6.28993
12149,12801,15.5244
12153,4628,4.14953
12153,4639,13.3806
12153,12137,5.86585
12153,12179,13.9189
12153,12191,2.41148
12153,13011,1.16916
12153,13012,2.76925
12154,3078,8.39978
12154,6799,6.59199
12154,12612,10.0566
12154,12780,14.4981
12154,12979,3.47409
12157,5277,2.36617
12157,12139,5.03007
12157,12211,4.33492
12157,12449,5.50474
12160,350,2.71367
12160,12145,6.63259
12160,12161,12.0569
12160,12492,8.02853
12160,12497,2.41511
12160,12499,4.56675
12161,350,1.53313
12161,12160,12.0569
12161,12162,10.7068
12161,12182,1.32424
12161,12456,2.40249
12161,12459,4.53601
12161,12499,2.8511
12161,12894,2.22866
12162,697,0.514953
12162,12128,1.37055
12162,12161,10.7068
12162,12182,4.70743
12162,12456,12.9472
12162,12467,20.0653
12166,12168,13.3965
12166,12565,9.72469
12166,12800,8.01858
12167,12118,6.53937
12167,12346,5.72739
12167,12486,4.89878
12167,12641,6.52435
12167,12756,3.0579
12168,12149,6.77229
12168,12166,13.3965
12168,12565,21.0491
12168,12800,16.7162
12168,12801,9.06982
12169,1016,0.281191
12169,4628,3.77471
12169,5670,8.37772
12169,12179,6.96107
12169,12481,5.71285
12169,12485,5.69566
12170,697,4.54944
12170,4631,4.10144
12170,12471,4.26978
12170,12888,2.59761
12170,12998,6.20205
12170,22713,3.54395
12171,2962,4.1506
12171,5281,8.45126
12171,12486,6.73886
12171,12642,3.58556
12171,12758,7.3037
12172,5279,4.12519
12172,12184,6.34793
12172,12996,4.61221
12173,5279,3.78554
12173,5280,8.19518
12173,12194,5.33648
12173,12494,6.07771
12174,698,7.51102
12174,6240,2.21613
12174,7481,11.3464
12174,12104,2.29527
12174,12119,8.85379
12174,12257,2.89102
12174,12457,2.98157
12178,4632,3.39043
12178,12461,3.97576
12178,12474,4.09399
12178,12918,4.54396
12178,12919,2.60987
12178,12920,4.1308
12179,1016,9.83071
12179,4628,6.07957
12179,12153,13.9189
12179,12169,6.96107
12179,12847,0.347184
12179,13012,0.358472
12181,4626,3.99824
12181,12191,2.48585
12181,12192,6.39831
12181,12201,2.23691
12181,12470,7.39256
12181,12856,8.2319
12181,12982,4.82032
12182,697,2.11793
12182,12161,1.32424
12182,12162,4.70743
12182,12889,3.57626
12182,12890,0
12182,12894,3.74084
12182,12895,2.3952
12184,5279,4.17847
12184,12172,6.34793
12184,12992,1.77471
12184,12993,3.08198
12184,12994,4.65545
12184,12995,2.58061
12184,12996,3.02244
12191,4626,1.46094
12191,4639,4.38693
12191,12153,2.41148
12191,12181,2.48585
12191,12856,4.89239
12191,13011,6.82367
12192,12181,6.39831
12192,12201,5.79396
12192,12492,4.33026
12192,12497,6.07249
12192,12982,4.02243
12194,5280,3.60466
12194,12173,5.33648
12194,12213,5.15718
12194,12494,6.02162
12194,12504,6.36696
12194,12505,4.81932
12198,1154,4.56047
12198,1262,8.78606
12198,5668,4.92471
12198,5669,7.51315
12198,12199,1.09084
12198,12207,4.08954
12198,12219,4.88313
12198,12485,8.50134
12199,5669,6.41451
12199,5670,5.06417
12199,12198,1.09084
12199,12207,8.12762
12199,12208,2.68741
12199,12510,3.41708
12199,12840,2.09247
12201,12181,2.23691
12201,12192,5.79396
12201,12497,1.13583
12201,12856,4.98946
12201,12904,4.73366
12201,13017,3.01183
12201,22729,3.42213
12204,12205,6.17666
12204,12216,8.23013
12204,12227,3.53689
12204,12494,2.79614
12204,12505,8.69943
12205,12204,6.17666
12205,12216,0.457015
12205,12217,8.54349
12205,12494,12.4811
12207,12198,4.08954
12207,12199,8.12762
12207,12208,7.51952
12207,12219,3.90008
12207,12220,3.12967
12208,12199,2.68741
12208,12207,7.51952
12208,12220,5.19596
12208,12525,3.56181
12208,12527,4.56976
12208,12840,6.15458
12211,5277,7.4271
12211,12157,4.33492
12211,12490,1.80685
12211,12531,7.52143
12211,22699,4.32105
12213,6545,5.60623
12213,6546,8.38539
12213,12194,5.15718
12213,12245,5.2451
12213,12504,4.59554
12213,12505,5.44424
12213,22715,0.213559
12216,12204,8.23013
12216,12205,0.457015
12216,12217,11.8131
12216,12227,5.15712
12216,12234,5.38759
12216,12246,2.65219
12217,12205,8.54349
12217,12216,11.8131
12217,12246,4.24404
12217,12247,7.64568
12218,7037,1.57036
12218,12266,3.75064
12218,12561,5.85436
12218,12941,3.4894
12219,1262,3.7677
12219,12198,4.88313
12219,12207,3.90008
12219,12220,6.4665
12219,12238,7.17637
12220,12207,3.12967
12220,12208,5.19596
12220,12219,6.4665
12220,12238,6.61064
12220,12250,6.23696
12220,12525,6.51151
12224,12232,6.38576
12224,12522,4.45908
12224,12891,1.66655
12224,22707,2.37159
12224,22708,3.0988
12224,22709,4.50733
12227,6546,10.6954
12227,7235,7.55752
12227,12204,3.53689
12227,12216,5.15712
12227,12234,10.2772
12227,12505,4.79362
12230,7232,1.42622
12230,12241,7.27794
12230,12242,4.61411
12230,12521,3.66958
12230,12528,6.95715
12230,22730,5.26243
12231,12232,5.97366
12231,12242,7.83339
12231,12521,0.353325
12231,12522,3.89478
12231,12529,0.493883
12231,12990,4.28896
12232,12224,6.38576
12232,12231,5.97366
12232,12522,2.89107
12232,12529,5.16278
12232,22707,0.672722
12233,6241,4.40255
12233,13001,2.54425
12233,13005,2.44933
12233,13006,1.83127
12233,22706,4.45486
12233,22707,2.94411
12234,7235,2.43238
12234,12216,5.38759
12234,12227,10.2772
12234,12246,10.3036
12234,12556,4.81579
12234,12573,5.20743
12238,1262,4.26722
12238,12219,7.17637
12238,12220,6.61064
12238,12250,5.1103
12238,12255,12.1799
12238,12540,2.20998
12238,12560,4.31685
12240,12542,2.87758
12240,12844,4.07637
12240,12851,1.94191
12240,12852,2.65437
12240,13023,2.29593
12240,22704,1.0335
12241,7232,0.481254
12241,12230,7.27794
12241,12251,3.96583
12241,12258,5.86967
12241,12528,0.282032
12241,12988,3.39929
12242,1496,0.553046
12242,7232,6.90104
12242,12230,4.61411
12242,12231,7.83339
12242,12521,3.00122
12242,12989,3.09914
12242,12990,1.59379
12245,6546,5.68406
12245,12213,5.2451
12245,12554,3.14779
12245,22715,6.41523
12245,22732,7.82273
12246,12216,2.65219
12246,12217,4.24404
12246,12234,10.3036
12246,12247,7.80576
12246,12556,2.82732
12246,12564,3.88057
12247,1653,6.53443
12247,12217,7.64568
12247,12246,7.80576
12247,12283,2.31974
12247,12564,4.24007
12248,7037,5.44163
12248,9113,2.3366
12248,12266,3.31349
12250,1707,1.0702
12250,12220,6.23696
12250,12238,5.1103
12250,12265,7.41622
12250,12525,1.87218
12250,12560,2.50303
12250,12562,9.19542
12251,1495,3.49538
12251,12241,3.96583
12251,12528,7.91502
12251,12536,2.69677
12251,12553,5.97806
12251,12988,3.71264
12252,12253,1.83034
12252,12543,8.06277
12252,12863,9.19091
12253,12252,1.83034
12253,12293,5.10988
12253,12639,12.2028
12253,12863,3.08458
12253,12864,4.14528
12253,12969,6.805
12255,12238,12.1799
12255,12264,5.39425
12255,12284,8.41478
12255,12540,8.00015
12255,12560,4.49514
12255,43737,2.31707
12256,698,2.55462
12256,12133,2.45344
12256,12257,6.89157
12256,12377,4.49077
12256,12379,3.46461
12256,12507,8.46742
12256,12549,7.07007
12256,12595,7.90367
12257,698,10.9556
12257,7481,0.37024
12257,12174,2.89102
12257,12256,6.89157
12257,12305,9.63656
12257,12595,3.52271
12258,7232,6.97167
12258,12241,5.86967
12258,12268,4.16592
12258,12987,3.50919
12258,12988,2.22518
12260,12558,4.12709
12260,12921,4.94458
12260,12922,1.45742
12260,12927,2.50823
12260,22700,3.83015
12260,22717,3.71869
12261,12289,5.39628
12261,12916,2.97257
12261,12923,6.97173
12261,12926,2.10025
12261,12927,2.89114
12264,1413,7.09819
12264,12255,5.39425
12264,12273,3.94088
12264,12540,10.7292
12264,43737,3.79962
12264,43738,10.2559
12265,1707,7.5126
12265,12250,7.41622
12265,12560,9.46081
12265,43744,5.46571
12266,7037,6.91674
12266,9113,7.89131
12266,12218,3.75064
12266,12248,3.31349
12266,12561,7.31905
12267,1495,1.22181
12267,12277,4.58975
12267,12542,2.28948
12267,12553,8.59879
12267,12567,4.53459
12267,22702,4.80758
12267,22703,1.39975
12268,1496,6.53912
12268,1650,4.08047
12268,7232,2.27803
12268,12258,4.16592
12268,12570,5.81239
12268,12987,2.4296
12273,1413,21.7121
12273,12264,3.94088
12273,12602,18.5677
12273,43738,10.9192
12275,8061,4.07557
12275,12541,3.26407
12275,12834,0.394209
12275,12835,1.70287
12275,12839,5.46321
12275,12843,1.32826
12275,22702,2.89155
12275,22703,3.39977
12277,1708,8.12837
12277,8061,3.08432
12277,12267,4.58975
12277,12567,4.96848
12277,22702,7.23604
12278,12323,10.9017
12278,12377,9.1613
12278,12506,7.45571
12278,12546,4.65657
12278,12547,7.93837
12278,12549,2.0661
12279,7482,2.87885
12279,7483,5.86372
12279,12280,10.5698
12279,12306,3.22142
12279,12571,13.5489
12279,12597,2.53254
12280,7483,2.38431
12280,12279,10.5698
12280,12306,6.94026
12280,12307,1.01843
12280,12577,9.76778
12281,12299,2.6568
12281,12572,3.25293
12281,22732,7.8993
12282,12301,6.33674
12282,12556,6.0502
12282,12564,0.238029
12282,12573,9.99898
12282,12578,3.19015
12283,1653,10.4926
12283,8473,7.9686
12283,12247,2.31974
12283,12564,11.4086
12283,12578,3.53325
12284,12255,8.41478
12284,12560,6.30256
12284,43737,3.53181
12284,43740,10.3415
12284,43744,3.55808
12284,43745,0.460649
12289,12261,5.39628
12289,12558,1.54288
12289,12600,6.99308
12289,12915,0.791122
12289,12916,5.8237
12289,12926,2.3953
12291,12310,5.08525
12291,12629,6.75688
12291,12647,2.77138
12291,12942,3.25446
12291,12954,4.09704
12291,12955,2.11156
12291,12961,2.13367
12293,3478,9.07272
12293,12253,5.10988
12293,12639,2.11117
12295,1653,5.14906
12295,12588,12.4521
12295,12599,5.86138
12298,8062,4.86195
12298,8260,5.64054
12298,9111,2.71571
12298,12312,6.9903
12298,12569,3.55966
12298,12570,4.8432
12298,12610,3.91577
12299,8665,5.068
12299,12281,2.6568
12299,12300,6.13056
12299,12572,9.37485
12300,7235,2.07144
12300,8665,10.0838
12300,12299,6.13056
12300,12554,5.09902
12300,12572,6.23496
12300,12573,7.46935
12300,12598,8.9548
12301,8666,7.41874
12301,12282,6.33674
12301,12573,3.03126
12301,12578,5.12883
12301,12598,5.86085
12305,7481,6.61488
12305,12257,9.63656
12305,12357,7.657
12305,12595,4.91874
12305,12596,3.8571
12306,8664,3.74339
12306,12279,3.22142
12306,12280,6.94026
12306,12307,10.3393
12306,12597,4.72579
12306,12631,3.783
12307,12280,1.01843
12307,12306,10.3393
12307,12335,4.01144
12307,12577,1.97541
12307,12631,0.705303
12309,12600,8.12154
12309,12871,4.20475
12309,12886,1.57424
12309,13009,2.40596
12309,22716,2.44113
12310,9644,5.31825
12310,10516,2.63208
12310,12291,5.08525
12310,12561,3.04679
12310,12607,3.52543
12310,12647,8.40501
12310,12942,6.37926
12312,8062,3.01281
12312,9111,5.0306
12312,12298,6.9903
12312,12333,5.68824
12312,12611,10.7942
12312,12630,0.659462
12313,12584,3.86787
12313,12597,7.06865
12313,12611,4.63062
12313,12618,5.74825
12313,12620,0.733123
12314,12612,8.6653
12314,43750,3.15479
12314,43753,2.76691
12314,43754,7.63196
12320,8826,5.44431
12320,9255,7.61695
12320,12326,5.49566
12320,12615,7.88747
12320,43739,1.36632
12321,8651,5.05142
12321,9257,4.57656
12321,12322,3.85726
12321,12583,5.01411
12321,12594,0.445391
12322,8470,3.92749
12322,9110,4.87755
12322,9257,5.19672
12322,12321,3.85726
12322,12583,1.82416
12322,12628,2.86203
12323,2473,2.39402
12323,12278,10.9017
12323,12377,1.0591
12323,12546,12.1228
12323,12684,9.89083
12326,8827,3.93736
12326,9255,3.82631
12326,12320,5.49566
12326,12327,8.30283
12326,12353,1.77269
12326,12363,6.96691
12326,12615,6.80565
12327,8827,4.38471
12327,12326,8.30283
12327,12353,8.14342
12327,12354,1.96337
12327,12624,8.91348
12328,8827,8.75092
12328,9109,6.2064
12328,12820,0.69588
12328,12821,6.65913
12328,12823,0.278714
12328,12829,4.64854
12328,12830,1.74266
12330,8650,2.46906
12330,9256,4.00813
12330,12344,1.19193
12330,12616,2.32469
12330,12822,2.55364
12330,12824,3.10675
12332,8651,6.18697
12332,9257,3.68387
12332,12345,7.82181
12332,12356,1.44555
12332,12609,5.91024
12332,12626,1.71002
12333,9111,5.4035
12333,9258,6.88307
12333,12312,5.68824
12333,12358,2.9626
12333,12630,3.61733
12335,9646,1.48707
12335,12307,4.01144
12335,12359,4.80797
12335,12631,8.23831
12336,2174,8.07861
12336,8665,6.31961
12336,8666,6.30813
12336,12349,3.52334
12336,12367,17.0058
12336,12598,10.2069
12344,9256,4.61345
12344,12330,1.19193
12344,12818,1.77006
12344,12821,3.76991
12344,12822,3.54886
12344,12823,2.18714
12345,12332,7.82181
12345,12356,5.55611
12345,12626,2.04802
12346,1494,7.90589
12346,12118,2.35623
12346,12167,5.72739
12346,12580,4.20796
12346,12641,2.59977
12346,12718,8.79695
12347,9259,6.55566
12347,12348,4.49386
12347,12373,1.27721
12347,12618,1.85973
12347,12620,5.51604
12347,12653,4.88139
12347,12659,2.12531
12348,8664,1.02768
12348,12347,4.49386
12348,12359,6.25377
12348,12620,3.0719
12348,12631,6.3964
12348,12659,3.77282
12349,8471,2.09575
12349,8666,8.90933
12349,12336,3.52334
12349,12351,11.6845
12349,12367,6.60664
12349,12660,10.5802
12351,2175,8.59837
12351,2298,4.52971
12351,8471,9.91076
12351,12349,11.6845
12351,12622,6.1301
12351,12660,0.390292
12353,2357,7.76836
12353,12326,1.77269
12353,12327,8.14342
12353,12354,4.37765
12353,12363,7.70375
12354,2297,1.32396
12354,2357,7.17195
12354,12327,1.96337
12354,12353,4.37765
12354,12624,8.74371
12354,12637,11.3918
12354,12657,6.55101
12356,9257,6.56536
12356,12332,1.44555
12356,12345,5.55611
12356,12383,1.80907
12356,12650,3.78552
12357,11272,0.858353
12357,12305,7.657
12357,12379,5.48913
12357,12380,6.89768
12357,12425,8.49065
12357,12595,6.24436
12357,12596,3.97424
12358,9111,7.3855
12358,9258,0.829593
12358,12333,2.9626
12358,12385,1.36667
12358,12651,6.7276
12358,12666,3.40839
12358,12984,5.72054
12359,9646,5.58175
12359,9994,4.03645
12359,12335,4.80797
12359,12348,6.25377
12359,12631,0.679356
12359,12659,2.36941
12361,9642,5.41923
12361,10869,6.33892
12361,12406,3.90665
12361,12629,6.49294
12361,12756,2.01387
12363,2357,2.29967
12363,9255,4.23895
12363,12326,6.96691
12363,12353,7.70375
12363,12371,6.53443
12363,12418,0.561354
12363,12671,8.97028
12367,2174,5.08815
12367,12336,17.0058
12367,12349,6.60664
12367,12660,3.42518
12367,12669,15.3973
12371,9255,17.6727
12371,12363,6.53443
12371,12418,6.8027
12371,12623,1.41428
12371,12683,12.9696
12372,2297,1.56248
12372,9810,9.0476
12372,12648,8.29731
12372,12649,5.89204
12372,12665,11.5359
12373,9259,4.69917
12373,10161,3.48058
12373,12347,1.27721
12373,12386,5.75864
12373,12652,2.6247
12373,12653,6.43038
12376,2175,9.02015
12376,2298,8.35742
12376,12400,8.8851
12376,12661,3.6427
12376,12678,3.44917
12376,12698,4.04643
12377,12256,4.49077
12377,12278,9.1613
12377,12323,1.0591
12377,12379,8.62896
12377,12424,15.2552
12377,12549,21.6323
12377,12684,10.2689
12377,12778,12.0551
12379,11272,6.75029
12379,12256,3.46461
12379,12357,5.48913
12379,12377,8.62896
12379,12424,6.90692
12379,12595,9.08861
12380,12357,6.89768
12380,12425,9.33327
12380,12596,6.0304
12380,12689,9.13397
12380,12784,6.51457
12382,8472,2.13255
12382,9449,7.68749
12382,12401,6.18543
12382,12689,4.68537
12382,12747,7.14932
12382,12784,1.99161
12383,12356,1.80907
12383,12650,6.81023
12383,12673,3.53096
12384,12385,5.82606
12384,12651,6.18343
12384,12673,3.16898
12384,12674,5.1636
12385,12358,1.36667
12385,12384,5.82606
12385,12409,2.42823
12385,12651,3.35321
12385,12666,7.42938
12385,12674,0.7217
12385,12694,4.66465
12386,10161,0.356874
12386,12373,5.75864
12386,12398,6.22088
12386,12652,5.44088
12386,12676,5.3285
12388,2297,6.0509
12388,10339,7.24713
12388,10653,7.21643
12388,12665,12.1716
12388,12686,5.48753
12389,9810,4.97534
12389,12390,6.30671
12389,12421,0.656814
12389,12665,5.92318
12389,12686,9.20559
12389,12693,10.3423
12390,9810,6.71671
12390,12389,6.30671
12390,12407,4.94778
12390,12693,1.41423
12398,10161,6.01511
12398,10654,5.23472
12398,12386,6.22088
12398,12423,5.88241
12398,12676,2.57841
12399,12669,10.4193
12399,12690,6.82983
12399,12709,6.39269
12400,10656,7.93239
12400,12376,8.8851
12400,12661,12.3881
12400,12698,8.88348
12400,12712,7.84511
12401,11425,5.54481
12401,12109,2.36657
12401,12382,6.18543
12401,12747,5.19256
12406,2962,5.80106
12406,12361,3.90665
12406,12629,2.99514
12406,12647,9.8525
12406,12717,3.09164
12406,12756,14.1651
12407,12390,4.94778
12407,12693,15.0981
12407,12726,6.5611
12407,12742,3.66635
12408,9113,1.65812
12408,9644,4.38952
12408,9645,6.67308
12408,10516,5.09207
12408,12655,2.85505
12408,12758,9.43739
12409,10517,6.86249
12409,12385,2.42823
12409,12666,2.65342
12409,12675,2.10956
12409,12694,5.46574
12409,12714,4.13365
12409,12728,1.46539
12411,9995,5.33214
12411,12687,7.15061
12411,12688,7.66509
12411,12715,0.976084
12411,12730,3.52662
12411,12731,2.96029
12418,12363,0.561354
12418,12371,6.8027
12418,12671,14.1853
12418,12683,13.5503
12418,12720,6.9561
12418,12721,12.1678
12421,12389,0.656814
12421,12686,12.3263
12421,12693,11.7905
12421,12741,16.4707
12421,12742,3.92402
12423,2725,5.72699
12423,10161,1.98034
12423,10654,1.7576
12423,12398,5.88241
12423,12428,5.5866
12423,12696,4.12611
12424,11272,5.78087
12424,12377,15.2552
12424,12379,6.90692
12424,12778,8.09467
12424,12780,8.77508
12425,3078,2.32798
12425,11272,9.36654
12425,12357,8.49065
12425,12380,9.33327
12425,12784,7.98754
12428,2725,1.7536
12428,10654,3.19323
12428,11271,5.55181
12428,12423,5.5866
12428,12743,3.21
12436,3077,5.43498
12436,4283,7.1062
12436,12107,2.40878
12436,12139,1.93189
12436,12140,4.13994
12436,12472,1.50211
12436,12807,3.1017
12436,12808,2.17749
12443,2,17.9933
12443,4111,8.67457
12443,12110,7.72409
12443,12455,9.71237
12444,2,9.5804
12444,12448,5.70712
12448,2,9.02702
12448,12444,5.70712
12448,12451,9.93408
12449,12139,2.29817
12449,12157,5.50474
12449,12788,4.88172
12449,12807,3.59149
12451,2,5.96368
12451,350,6.26765
12451,4112,7.92161
12451,12124,9.33543
12451,12128,5.80162
12451,12448,9.93408
12451,12456,4.81836
12454,4111,12.4823
12454,12110,8.79224
12454,12127,7.73727
12454,12137,4.34289
12455,2,2.75505
12455,4111,12.6281
12455,4112,13.7453
12455,4364,8.71163
12455,12443,9.71237
12456,350,6.66832
12456,12128,8.02796
12456,12161,2.40249
12456,12162,12.9472
12456,12451,4.81836
12456,12459,9.65026
12457,698,7.6079
12457,12103,8.96331
12457,12104,7.30933
12457,12133,6.13553
12457,12174,2.98157
12458,522,2.23368
12458,4282,3.64745
12458,4625,15.7219
12458,12130,3.83275
12458,12466,9.40273
12459,350,7.31525
12459,12161,4.53601
12459,12456,9.65026
12460,4631,2.0042
12460,12128,4.42478
12460,12142,10.373
12460,12467,8.77626
12460,12471,6.05995
12461,4632,4.02728
12461,12121,4.28789
12461,12140,3.98303
12461,12178,3.97576
12461,12462,4.23847
12461,12474,3.7443
12461,12811,0.820106
12462,4308,1.90401
12462,12122,8.34977
12462,12461,4.23847
12462,12474,4.1401
12462,12811,3.74537
12462,12920,3.7564
12465,13,12.6978
12465,4365,8.9971
12465,12479,6.17949
12466,522,12.8197
12466,12130,9.02783
12466,12458,9.40273
12467,697,4.56284
12467,12128,5.38102
12467,12162,20.0653
12467,12460,8.77626
12467,12471,12.1694
12470,4364,7.12106
12470,4626,11.9267
12470,12181,7.39256
12470,12982,5.21134
12471,697,2.80249
12471,4631,5.75292
12471,12170,4.26978
12471,12460,6.05995
12471,12467,12.1694
12472,4283,4.39428
12472,4632,4.97377
12472,12140,4.58473
12472,12436,1.50211
12472,12490,3.87612
12474,12178,4.09399
12474,12461,3.7443
12474,12462,4.1401
12474,12920,4.54104
12479,4365,0.926214
12479,12465,6.17949
12479,12480,12.4054
12480,4365,5.47179
12480,5751,15.1456
12480,12479,12.4054
12481,522,0.613343
12481,4625,8.09564
12481,4628,4.72452
12481,12169,5.71285
12481,12485,9.24867
12485,522,8.07036
12485,5668,7.45236
12485,5669,4.92353
12485,5670,1.75757
12485,12169,5.69566
12485,12198,8.50134
12485,12481,9.24867
12486,2962,11.7587
12486,12167,4.89878
12486,12171,6.73886
12486,12641,7.14697
12486,12642,3.85425
12486,12756,7.14581
12487,3074,16.6141
12487,12117,7.67179
12487,12506,12.9191
12487,12547,11.8556
12489,3074,8.20726
12489,12507,11.6616
12489,12547,6.73629
12489,12549,3.53878
12489,12802,5.53592
12490,4283,0.44517
12490,4632,4.93521
12490,5277,5.89063
12490,12211,1.80685
12490,12472,3.87612
12490,12918,3.07377
12490,22699,3.10475
12490,22701,4.02193
12492,12145,1.94728
12492,12160,8.02853
12492,12192,4.33026
12492,12497,7.99093
12492,12982,11.2218
12494,12173,6.07771
12494,12194,6.02162
12494,12204,2.79614
12494,12205,12.4811
12494,12505,2.8543
12497,12160,2.41511
12497,12192,6.07249
12497,12201,1.13583
12497,12492,7.99093
12497,12499,3.70913
12497,12900,6.87887
12497,12904,3.78343
12499,12160,4.56675
12499,12161,2.8511
12499,12497,3.70913
12499,12894,5.45582
12499,12900,2.619
12499,22720,0.988001
12499,22726,3.59455
12504,5280,7.67708
12504,6545,6.5305
12504,12194,6.36696
12504,12213,4.59554
12504,12991,3.17197
12505,6546,1.40666
12505,12194,4.81932
12505,12204,8.69943
12505,12213,5.44424
12505,12227,4.79362
12505,12494,2.8543
12506,12117,7.12517
12506,12149,3.92196
12506,12278,7.45571
12506,12487,12.9191
12506,12546,7.54675
12506,12547,7.02439
12507,12133,11.7789
12507,12256,8.46742
12507,12489,11.6616
12507,12549,5.57279
12507,12802,4.31466
12510,1016,5.6129
12510,5670,3.25293
12510,12199,3.41708
12510,12840,4.34329
12510,12848,2.52187
12510,12849,1.76636
12517,1154,8.83361
12517,1413,15.9475
12517,5668,10.0907
12519,7231,0.503185
12519,12536,5.67997
12519,12852,5.07265
12519,12902,3.42722
12519,13019,1.63925
12519,13020,1.82032
12519,13021,2.25466
12521,12230,3.66958
12521,12231,0.353325
12521,12242,3.00122
12521,12522,8.31413
12521,22722,3.95079
12521,22730,3.66291
12522,12224,4.45908
12522,12231,3.89478
12522,12232,2.89107
12522,12521,8.31413
12522,12891,3.07919
12522,22718,3.09144
12522,22722,0.331124
12525,12208,3.56181
12525,12220,6.51151
12525,12250,1.87218
12525,12527,10.1264
12525,12550,3.90566
12525,12562,6.86936
12527,12208,4.56976
12527,12525,10.1264
12527,12550,3.98408
12527,12838,3.71201
12527,12840,5.82507
12527,12841,4.79457
12528,12230,6.95715
12528,12241,0.282032
12528,12251,7.91502
12528,12536,3.36437
12528,12902,6.46746
12528,22730,2.03388
12529,12231,0.493883
12529,12232,5.16278
12529,12990,4.6789
12529,22705,3.16689
12529,22706,6.25011
12529,22707,1.78922
12531,12211,7.52143
12531,22699,3.20968
12536,7231,5.31293
12536,12251,2.69677
12536,12519,5.67997
12536,12528,3.36437
12536,12553,3.00947
12536,12902,4.93289
12540,1262,10.6874
12540,1413,3.98743
12540,12238,2.20998
12540,12255,8.00015
12540,12264,10.7292
12541,12275,3.26407
12541,12838,3.89695
12541,12839,3.44149
12541,12841,3.34685
12541,12842,2.12626
12541,12843,3.68294
12542,7231,7.58067
12542,12240,2.87758
12542,12267,2.28948
12542,12553,0.888612
12542,12852,1.88519
12542,22703,4.10035
12542,22704,1.67513
12543,1652,7.85102
12543,12252,8.06277
12543,12858,3.96219
12543,12859,7.72879
12543,12862,2.21287
12543,12863,1.46549
12546,2473,5.84735
12546,12149,15.5497
12546,12278,4.65657
12546,12323,12.1228
12546,12506,7.54675
12546,12565,8.65513
12546,12617,9.65835
12547,3074,2.37789
12547,12278,7.93837
12547,12487,11.8556
12547,12489,6.73629
12547,12506,7.02439
12547,12549,21.421
12549,12256,7.07007
12549,12278,2.0661
12549,12377,21.6323
12549,12489,3.53878
12549,12507,5.57279
12549,12547,21.421
12550,8060,3.98249
12550,12525,3.90566
12550,12527,3.98408
12550,12562,6.34873
12550,12837,2.14779
12550,12838,8.79376
12553,1495,2.81548
12553,7231,2.69865
12553,12251,5.97806
12553,12267,8.59879
12553,12536,3.00947
12553,12542,0.888612
12554,6546,5.89624
12554,7235,9.48027
12554,12245,3.14779
12554,12300,5.09902
12554,12572,7.606
12554,22732,3.92406
12556,12234,4.81579
12556,12246,2.82732
12556,12282,6.0502
12556,12564,14.5502
12556,12573,6.37455
12558,12260,4.12709
12558,12289,1.54288
12558,12600,6.02143
12558,12926,2.83917
12558,12927,1.24367
12558,22716,7.30101
12558,22717,0.662262
12560,12238,4.31685
12560,12250,2.50303
12560,12255,4.49514
12560,12265,9.46081
12560,12284,6.30256
12560,43744,2.71096
12561,9113,1.02336
12561,12218,5.85436
12561,12266,7.31905
12561,12310,3.04679
12561,12607,9.52553
12561,12941,1.75339
12561,12942,4.0945
12561,12943,2.22591
12562,1707,9.60469
12562,8060,6.19719
12562,12250,9.19542
12562,12525,6.86936
12562,12550,6.34873
12563,1496,3.81284
12563,1650,5.66301
12563,7482,6.86153
12563,8062,3.55027
12563,12571,4.19579
12563,12584,5.58159
12564,12246,3.88057
12564,12247,4.24007
12564,12282,0.238029
12564,12283,11.4086
12564,12556,14.5502
12564,12578,10.7762
12565,12149,9.43479
12565,12166,9.72469
12565,12168,21.0491
12565,12546,8.65513
12565,12617,28.3919
12567,1495,5.0748
12567,1708,2.74294
12567,8259,3.59365
12567,12267,4.53459
12567,12277,4.96848
12567,12568,7.7262
12567,12583,2.30819
12568,1495,1.84549
12568,8260,5.57577
12568,8470,2.0229
12568,12567,7.7262
12568,12569,2.86411
12568,12583,4.60791
12568,12987,4.99829
12569,8260,6.10913
12569,12298,3.55966
12569,12568,2.86411
12569,12570,9.25897
12569,12987,5.88162
12570,1650,5.78157
12570,8062,1.41037
12570,12268,5.81239
12570,12298,4.8432
12570,12569,9.25897
12570,12987,1.07332
12571,7482,4.07591
12571,12279,13.5489
12571,12563,4.19579
12571,12584,7.44484
12571,12597,6.13191
12572,12281,3.25293
12572,12299,9.37485
12572,12300,6.23496
12572,12554,7.606
12572,22732,3.2648
12573,7235,10.5297
12573,12234,5.20743
12573,12282,9.99898
12573,12300,7.46935
12573,12301,3.03126
