label, neighbor, wall area
18208,18222,6.62047
18208,18500,5.7352
18208,18543,6.5586
18208,19451,1.04044
18208,19699,7.06768
18208,19771,1.01072
18213,18331,6.64856
18213,19593,4.17034
18213,19680,5.43381
18213,19683,2.71018
18213,19735,1.99751
18213,19845,7.2096
18213,19953,8.91861
18214,19464,9.49367
18214,19465,6.09439
18214,19727,1.60606
18214,19744,2.86994
18214,20105,4.23989
18222,18208,6.62047
18222,18623,4.38886
18222,19451,6.5304
18222,19771,4.35345
18222,19792,2.76084
18223,18244,8.54678
18223,19455,5.7767
18223,19560,8.39852
18223,19856,1.54414
18223,19964,6.73263
18223,19965,3.83612
18236,18543,7.37383
18236,19721,1.01673
18236,19748,6.33068
18236,19771,3.1535
18236,19791,4.1663
18236,19818,6.27189
18240,19496,0.659692
18240,19502,8.19818
18240,19769,4.55726
18240,19779,1.66788
18240,20096,3.58759
18240,20097,1.73117
18241,18628,1.73257
18241,19522,5.08882
18241,19523,5.51549
18241,19783,3.24938
18241,19784,6.01962
18242,18704,9.641
18242,19478,7.74659
18242,19720,7.37933
18242,19978,10.3331
18243,19480,1.70037
18243,19537,3.39111
18243,19754,5.05178
18243,19793,5.93499
18243,19822,1.18916
18244,18223,8.54678
18244,18499,2.6711
18244,18704,4.66473
18244,19478,11.1146
18244,19856,8.61308
18244,19964,0.494094
18246,19525,4.74659
18246,19526,3.93174
18246,19805,0.59085
18246,19830,3.72801
18246,20023,0.2667
18246,20040,7.03231
18247,18625,4.28529
18247,18813,2.34721
18247,19547,2.5714
18247,19548,3.22234
18247,19776,3.04328
18247,19848,3.18705
18247,19865,2.87008
18248,18642,0.237979
18248,18703,2.06001
18248,19549,3.9882
18248,19828,7.38324
18248,20040,7.01286
18248,20041,1.02543
18269,18623,3.92635
18269,19535,3.41966
18269,19582,3.62318
18269,19774,1.34452
18269,19792,2.6601
18269,19864,5.6966
18270,19565,6.21372
18270,19590,5.42531
18270,19834,8.04816
18270,19842,2.03598
18270,19855,5.25282
18303,18304,5.2309
18303,19552,1.47486
18303,19562,6.02546
18303,19579,4.65519
18303,19599,9.80786
18303,20018,0.637917
18304,18303,5.2309
18304,19562,1.717
18304,20018,1.05412
18304,20020,1.61875
18304,20021,1.35298
18304,20036,4.59564
18330,18951,4.14501
18330,19630,5.65804
18330,19848,3.77897
18330,19865,3.56491
18330,19887,3.0933
18330,44095,0.752699
18331,18213,6.64856
18331,18704,14.6738
18331,19680,2.82344
18331,19720,8.75145
18331,19953,10.1383
18382,18664,9.07149
18382,19283,6.00642
18382,19617,5.9446
18382,19640,0.398881
18382,19661,6.9017
18382,19808,8.0647
18382,19873,6.40582
18382,19978,9.44183
18383,18949,4.3313
18383,19190,3.44588
18383,19634,4.51927
18383,19895,2.7482
18383,19933,4.75894
18383,19934,7.75427
18384,19622,3.59898
18384,19647,3.18213
18384,19665,2.78175
18384,19878,4.1206
18384,19927,5.60307
18384,20087,3.4416
18431,18432,2.87672
18431,19284,11.435
18431,19285,4.4254
18431,19931,9.33662
18431,19947,4.22082
18432,18431,2.87672
18432,19114,7.92756
18432,19285,9.07917
18432,19931,4.68497
18432,19949,3.56382
18432,19957,8.80886
18432,19962,0.857608
18433,19189,0.806175
18433,19670,3.35412
18433,19930,3.07311
18433,19984,3.10977
18433,19985,5.96872
18433,20084,2.97769
18433,20085,3.28718
18499,18244,2.6711
18499,19283,4.42944
18499,19478,6.17178
18499,19924,5.62326
18499,19964,9.34182
18500,18208,5.7352
18500,19286,4.05159
18500,19451,4.19002
18500,19679,3.84529
18500,19699,1.45221
18500,19976,5.72103
18501,18527,3.24307
18501,18528,4.37874
18501,19428,4.8691
18501,19682,2.27259
18501,19690,6.41396
18501,19696,4.73716
18501,19993,2.36539
18513,19290,3.69781
18513,19704,4.34137
18513,19726,2.05499
18513,20005,0.872708
18513,20010,4.00646
18513,20089,4.27467
18517,19447,6.02883
18517,19475,2.45553
18517,19711,7.29215
18517,19971,5.53932
18526,19450,7.29871
18526,19728,7.18378
18527,18501,3.24307
18527,18528,3.43659
18527,19387,4.15125
18527,19479,1.05465
18527,19480,1.80027
18527,19696,0.650228
18527,19723,3.22848
18528,18501,4.37874
18528,18527,3.43659
18528,19428,6.42195
18528,19480,3.83859
18528,19754,2.661
18538,19702,2.3477
18538,19703,5.7863
18538,19725,3.24442
18538,19726,0.679607
18538,19759,2.49291
18538,19760,4.07379
18538,20086,2.66799
18540,18567,4.67977
18540,18632,12.8035
18540,19491,8.47031
18540,19507,1.91385
18540,19709,3.97379
18540,19710,11.1548
18540,19962,0.681316
18540,19987,10.7505
18541,18542,6.82059
18541,18546,5.67669
18541,19444,6.89413
18541,19450,0.400401
18541,19732,4.20253
18542,18541,6.82059
18542,18546,5.45687
18542,18547,6.24946
18542,19450,5.40103
18542,19727,2.86157
18543,18208,6.5586
18543,18236,7.37383
18543,19698,1.20879
18543,19699,2.67013
18543,19721,6.19319
18543,19771,4.9654
18544,18569,5.20447
18544,19732,4.61105
18544,19739,7.55454
18544,19742,2.88865
18544,19752,0.755774
18545,18987,7.51908
18545,18992,4.3588
18545,19557,11.1952
18545,19636,6.03044
18545,19656,6.48633
18546,18541,5.67669
18546,18542,5.45687
18546,18547,2.80081
18546,19481,3.39915
18546,19482,5.80146
18546,19732,1.35407
18546,19742,7.83979
18546,19761,2.41976
18547,18542,6.24946
18547,18546,2.80081
18547,19465,6.12335
18547,19476,5.82941
18547,19482,1.30567
18547,19727,4.07487
18547,19743,1.02126
18548,19466,8.37276
18548,19593,3.75795
18548,19621,8.4429
18548,19623,7.52938
18548,19735,2.01281
18564,19425,5.65733
18564,19426,4.66194
18564,19740,8.43446
18564,19780,8.90059
18566,18567,11.234
18566,18629,6.43567
18566,19808,7.33898
18566,20107,10.3483
18566,20108,5.96676
18567,18540,4.67977
18567,18566,11.234
18567,19507,9.773
18567,19709,13.3127
18567,19808,2.98942
18567,20108,2.63145
18569,18544,5.20447
18569,19488,7.9107
18569,19742,6.06958
18569,19752,10.2063
18569,19778,1.62666
18571,18952,2.69467
18571,18987,4.83637
18571,19477,7.2887
18571,19624,1.94471
18571,19628,2.4182
18571,19755,4.11216
18572,18609,3.84076
18572,19452,4.003
18572,19497,2.93493
18572,19722,8.13652
18572,19774,4.11051
18602,18611,7.53077
18602,19473,8.27137
18602,19474,4.57126
18602,19492,6.64435
18602,19498,8.00552
18602,19751,0.157298
18603,19484,8.13746
18603,19485,4.97986
18603,19496,6.83305
18603,19501,1.95544
18603,19502,3.22818
18606,18615,3.88064
18606,19489,8.25292
18606,19494,2.65579
18606,19500,0
18606,19997,3.67187
18606,20025,2.96344
18607,18619,3.76095
18607,18621,3.58423
18607,19484,2.37603
18607,19490,4.99369
18607,19501,5.05953
18607,19788,0.318261
18607,19789,1.60034
18608,18610,5.76368
18608,19188,5.53364
18608,19557,9.06175
18609,18572,3.84076
18609,19497,4.71912
18609,19535,6.60154
18609,19536,4.55361
18609,19774,2.93328
18610,18608,5.76368
18610,18992,3.80126
18610,19048,3.24451
18610,19188,5.52233
18610,19557,1.68061
18610,19638,2.90313
18610,19763,6.96445
18611,18602,7.53077
18611,18624,9.93617
18611,19498,4.42672
18615,18606,3.88064
18615,18626,3.38035
18615,19489,0
18615,19500,2.63183
18615,19997,4.49847
18615,20028,2.42513
18619,18607,3.76095
18619,19490,2.73781
18619,19494,3.08696
18619,19788,3.94508
18619,20025,2.2483
18621,18607,3.58423
18621,19516,5.55
18621,19788,3.58894
18621,19789,4.4453
18621,19794,0.512454
18621,19795,3.11698
18623,18222,4.38886
18623,18269,3.92635
18623,19451,2.5486
18623,19452,2.56175
18623,19774,7.61503
18623,19792,6.87381
18624,18611,9.93617
18624,19498,4.85247
18624,19799,8.79475
18624,19824,10.6676
18625,18247,4.28529
18625,19479,3.5164
18625,19548,2.27894
18625,19753,1.46472
18625,19776,3.50277
18625,19793,5.78659
18626,18615,3.38035
18626,18627,2.26101
18626,19803,3.65403
18626,19996,1.69597
18626,19997,0.942145
18626,20026,2.51736
18626,20028,2.02704
18627,18626,2.26101
18627,19531,0.766173
18627,19803,2.30346
18627,19805,3.78941
18627,19996,4.30558
18627,20041,4.11819
18628,18241,1.73257
18628,18639,4.3946
18628,18640,2.74949
18628,19523,5.28993
18628,19784,2.21758
18628,19785,1.24775
18628,19800,8.23985
18629,18566,6.43567
18629,19808,6.92263
18629,19873,9.69451
18629,20107,6.70965
18629,44098,9.4898
18630,19528,4.45656
18630,19796,2.09486
18630,19797,7.71769
18630,19833,5.28229
18630,19834,4.31773
18630,19855,6.11907
18631,18767,5.16143
18631,18912,0
18631,19477,4.16937
18631,19529,1.90759
18631,19623,10.6688
18631,19725,0.396041
18631,19758,4.32722
18631,20009,2.37197
18632,18540,12.8035
18632,18664,10.2738
18632,19491,10.3207
18632,19507,4.03938
18632,19598,10.7287
18632,19617,2.49055
18633,19510,3.88301
18633,19543,5.49582
18633,19574,6.4575
18633,19767,6.41357
18633,20064,0.669448
18634,18635,5.20725
18634,18641,1.07953
18634,19826,3.98773
18634,19827,0.257496
18634,19839,2.22246
18634,20033,2.14737
18634,20034,2.56372
18635,18634,5.20725
18635,19524,4.51297
18635,19827,3.91623
18635,20033,3.11231
18636,18700,5.19713
18636,19493,2.61573
18636,19514,3.22654
18636,19577,2.83679
18636,19747,2.74766
18636,20065,2.21292
18636,20066,4.88701
18638,18639,2.75775
18638,19522,3.60465
18638,19523,3.58663
18638,19825,4.52567
18638,19847,10.4206
18638,19849,4.53615
18639,18628,4.3946
18639,18638,2.75775
18639,18640,6.52192
18639,19523,7.13242
18639,19546,2.36562
18639,19849,8.6349
18640,18628,2.74949
18640,18639,6.52192
18640,18641,3.00634
18640,19540,7.09796
18640,19546,2.66204
18640,19800,2.77427
18641,18634,1.07953
18641,18640,3.00634
18641,19540,1.55076
18641,19800,1.62661
18641,19826,5.60893
18641,20034,5.30672
18642,18248,0.237979
18642,19531,5.00667
18642,19828,5.24084
18642,19840,2.56114
18642,20041,5.77061
18663,19570,6.6985
18663,19799,3.13979
18663,19824,7.0472
18663,19825,10.579
18663,19846,2.94275
18663,19868,0.228913
18664,18382,9.07149
18664,18632,10.2738
18664,19507,7.17599
18664,19617,9.03266
18664,19808,2.23223
18665,19475,4.07785
18665,19491,9.07179
18665,19598,7.73787
18665,19618,4.79905
18665,19767,8.83613
18665,19876,4.63111
18700,18636,5.19713
18700,19514,3.11221
18700,19577,2.5724
18700,19601,3.82729
18700,19814,5.27316
18700,19860,2.988
18700,19878,1.57536
18702,19824,3.89367
18702,19846,6.36256
18703,18248,2.06001
18703,19549,5.48975
18703,19561,6.0529
18703,19576,4.42604
18703,19828,4.03443
18703,19851,1.26221
18704,18242,9.641
18704,18244,4.66473
18704,18331,14.6738
18704,19478,4.64134
18704,19680,9.23475
18704,19720,1.61418
18704,19856,2.81208
18749,19559,2.17943
18749,19561,6.66918
18749,19588,3.20143
18749,19851,5.6074
18749,19871,4.89995
18767,18631,5.16143
18767,19477,3.33705
18767,19628,5.37324
18767,19758,2.55635
18767,19759,2.86467
18768,19556,6.48787
18768,19558,3.34826
18768,19573,2.22966
18768,19586,5.00117
18768,19870,7.09866
18813,18247,2.34721
18813,19547,3.48961
18813,19865,5.40058
18813,19887,1.19349
18813,20070,3.37201
18814,19546,2.95049
18814,19571,6.8075
18814,19572,4.53722
18814,19594,3.70346
18814,19595,1.39179
18814,19885,5.42467
18816,18888,6.46647
18816,19565,1.32903
18816,19566,6.15749
18816,19629,1.61591
18816,19863,2.89425
18816,19875,7.7729
18816,19898,4.4883
18884,19592,5.24157
18884,19613,1.31645
18884,19869,7.85733
18884,19883,3.94906
18884,19892,2.54872
18885,18949,4.49477
18885,19586,3.38834
18885,19587,3.20746
18885,19870,0.591862
18885,19886,1.47414
18885,19895,4.76909
18885,20098,4.24976
18886,18950,5.68279
18886,19576,2.29183
18886,19588,6.39695
18886,19605,7.18488
18886,19615,2.95939
18886,19625,0.337121
18888,18816,6.46647
18888,19629,7.87435
18888,19863,6.38923
18888,19921,4.25209
18888,44101,7.75898
18912,18631,0
18912,19466,11.95
18912,19477,7.41402
18912,19596,2.85615
18912,19623,2.6117
18912,19624,5.37685
18912,19719,5.41838
18947,19560,7.02342
18947,19683,9.40819
18947,19735,1.07773
18947,19756,5.54699
18947,19806,5.53774
18947,19901,6.70187
18948,19592,0.619663
18948,19613,6.09126
18948,19891,3.50719
18948,19913,4.07669
18948,19914,6.73225
18948,44093,4.15585
18949,18383,4.3313
18949,18885,4.49477
18949,18989,8.46812
18949,19886,5.3699
18949,19895,4.32842
18949,19934,3.33284
18950,18886,5.68279
18950,19615,3.73793
18950,19625,6.18961
18950,19643,5.28556
18950,19916,3.25592
18950,19925,2.05631
18951,18330,4.14501
18951,19630,4.18564
18951,19651,3.72686
18951,19884,3.01158
18951,20090,1.0023
18951,20091,4.68527
18951,44095,5.44893
18952,18571,2.69467
18952,19530,1.72201
18952,19575,4.0269
18952,19628,5.0737
18952,19755,3.15034
18952,19908,3.7876
18987,18545,7.51908
18987,18571,4.83637
18987,19624,5.3982
18987,19636,3.07579
18987,19656,1.52676
18987,19755,3.11135
18987,19903,7.27945
18989,18949,8.46812
18989,19615,1.3831
18989,19662,8.14213
18989,19886,3.31555
18989,19916,6.19229
18989,19934,1.49145
18991,19608,1.61871
18991,19609,1.14504
18991,19637,6.8529
18991,20014,1.11417
18991,20039,6.88852
18991,20048,1.49783
18991,20050,1.46055
18992,18545,4.3588
18992,18610,3.80126
18992,19557,6.68089
18992,19636,3.54455
18992,19638,6.13807
18992,44105,1.45924
19045,19641,1.84499
19045,19941,0.841734
19045,19994,4.74363
19045,20051,3.55505
19045,20052,2.17564
19045,44094,3.69464
19047,19455,8.23177
19047,19619,6.14104
19047,19756,0.542954
19047,19900,5.14491
19047,20045,7.41417
19047,20076,5.13033
19048,18610,3.24451
19048,19188,8.29318
19048,19495,7.08838
19048,19654,4.10742
19048,19763,4.24442
19048,19912,3.05906
19114,18432,7.92756
19114,19931,6.74703
19114,19932,1.28337
19114,19949,1.93258
19114,44092,9.00752
19116,19616,0.413784
19116,19917,3.96269
19116,19918,6.51088
19116,19936,2.17754
19116,19944,4.43935
19116,19951,2.91763
19116,20015,4.03112
19157,19643,5.61146
19157,19672,2.72732
19157,19925,6.57429
19157,19942,5.17559
19157,19958,1.91868
19157,19966,4.46538
19188,18608,5.53364
19188,18610,5.52233
19188,19048,8.29318
19188,19654,4.77068
19189,18433,0.806175
19189,19930,2.86601
19189,19983,0.549255
19189,19984,4.90883
19189,20003,2.40863
19189,20082,3.10486
19190,18383,3.44588
19190,19933,1.68519
19190,19934,1.01262
19190,19941,3.56412
19190,19950,6.25036
19190,19972,3.57529
19190,19973,1.39271
19190,20057,3.25581
19191,19346,3.36952
19191,19662,9.96898
19191,19684,4.21958
19191,19934,4.99374
19191,19950,1.62432
19191,19958,4.41971
19191,19974,4.46876
19282,19426,8.28418
19282,19659,3.99216
19282,19674,7.95358
19282,19982,3.27387
19283,18382,6.00642
19283,18499,4.42944
19283,19478,12.5785
19283,19640,12.0427
19283,19924,3.59987
19283,19978,8.13158
19284,18431,11.435
19284,19285,4.6143
19284,19709,7.85312
19284,19710,7.91426
19284,19947,7.09395
19285,18431,4.4254
19285,18432,9.07917
19285,19284,4.6143
19285,19710,4.47443
19285,19962,9.9071
19286,18500,4.05159
19286,19672,4.84976
19286,19679,5.4881
19286,19699,5.07276
19286,19966,2.17069
19288,19688,1.95716
19288,19702,3.04135
19288,19945,3.0724
19288,20006,1.05966
19288,20007,3.46484
19288,20043,1.8793
19289,19666,7.56714
19289,19703,5.49847
19289,19704,3.10979
19289,19927,3.64582
19289,20086,1.00061
19289,20087,1.46174
19290,18513,3.69781
19290,19692,4.32922
19290,19704,0.792983
19290,19968,3.94854
19290,20005,4.28443
19290,20047,3.27541
19346,19191,3.36952
19346,19698,3.32602
19346,19721,4.31672
19346,19958,7.21701
19346,19974,3.5212
19346,19988,7.55873
19387,18527,4.15125
19387,19696,3.23295
19387,19701,4.53531
19387,19723,2.72551
19425,18564,5.65733
19425,19426,7.48305
19426,18564,4.66194
19426,19282,8.28418
19426,19425,7.48305
19426,19740,2.13482
19426,19982,7.89549
19427,19697,1.02504
19427,19733,7.51143
19427,19972,1.17061
19427,19973,4.0795
19427,20110,2.21449
19427,20121,4.95277
19427,20122,2.81412
19428,18501,4.8691
19428,18528,6.42195
19428,19483,4.1071
19428,19690,3.22988
19428,19718,6.41489
19428,19754,2.61036
19444,18541,6.89413
19444,19450,16.5563
19444,19456,8.28498
19444,19732,4.94748
19447,18517,6.02883
19447,19475,4.65712
19447,19712,4.59863
19447,19731,5.96171
19447,19767,3.63882
19447,19971,0.483581
19450,18526,7.29871
19450,18541,0.400401
19450,18542,5.40103
19450,19444,16.5563
19450,19727,6.02505
19450,19728,7.00627
19451,18208,1.04044
19451,18222,6.5304
19451,18500,4.19002
19451,18623,2.5486
19451,19452,6.52936
19451,19976,3.98893
19452,18572,4.003
19452,18623,2.56175
19452,19451,6.52936
19452,19700,7.33245
19452,19722,2.58089
19452,19774,2.54935
19452,19976,1.9951
19454,19701,5.72461
19454,19722,1.13341
19454,19723,3.39842
19454,19738,5.20179
19454,20012,4.69892
19455,18223,5.7767
19455,19047,8.23177
19455,19560,2.33958
19455,19756,9.70415
19455,19900,3.95158
19455,19965,9.61195
19456,19444,8.28498
19456,19461,5.21736
19456,19732,8.41238
19456,19739,4.66136
19461,19456,5.21736
19461,19474,2.66987
19461,19737,13.0205
19461,19739,7.67763
19462,19730,2.96575
19462,19819,6.08855
19462,19821,4.89109
19462,19984,4.34941
19462,19985,8.47684
19463,19770,2.78284
19463,19821,4.48865
19463,19985,3.77266
19463,19986,7.25846
19464,18214,9.49367
19464,19727,4.7559
19464,19728,3.64392
19465,18214,6.09439
19465,18547,6.12335
19465,19727,4.0821
19465,19743,5.96377
19465,20105,3.31572
19466,18548,8.37276
19466,18912,11.95
19466,19593,3.85507
19466,19596,4.37406
19466,19623,0.441268
19467,19473,8.08276
19467,19737,6.92804
19473,18602,8.27137
19473,19467,8.08276
19473,19474,9.03698
19473,19737,5.43572
19474,18602,4.57126
19474,19461,2.66987
19474,19473,9.03698
19474,19737,1.94287
19474,19739,6.51198
19474,19751,6.70882
19474,19752,5.61438
19475,18517,2.45553
19475,18665,4.07785
19475,19447,4.65712
19475,19491,8.29111
19475,19711,5.292
19475,19767,8.61808
19476,18547,5.82941
19476,19482,6.69791
19476,19489,3.75071
19476,19743,6.20624
19477,18571,7.2887
19477,18631,4.16937
19477,18767,3.33705
19477,18912,7.41402
19477,19623,0
19477,19624,4.69485
19477,19628,3.86872
19478,18242,7.74659
19478,18244,11.1146
19478,18499,6.17178
19478,18704,4.64134
19478,19283,12.5785
19478,19978,1.81156
19479,18527,1.05465
19479,18625,3.5164
19479,19480,6.89004
19479,19723,3.87841
19479,19753,3.30806
19479,19793,1.40636
19480,18243,1.70037
19480,18527,1.80027
19480,18528,3.83859
19480,19479,6.89004
19480,19754,5.28952
19480,19793,1.50689
19481,18546,3.39915
19481,19488,6.83193
19481,19742,7.10796
19481,19761,6.77556
19481,20029,3.92976
19482,18546,5.80146
19482,18547,1.30567
19482,19476,6.69791
19482,19489,6.36242
19482,19500,3.07203
19482,19761,5.98675
19483,19428,4.1071
19483,19718,5.61501
19483,19740,9.18278
19483,19754,9.16912
19483,19822,4.05944
19484,18603,8.13746
19484,18607,2.37603
19484,19485,6.01181
19484,19490,6.12168
19484,19501,2.02984
19484,19744,5.68648
19485,18603,4.97986
19485,19484,6.01181
19485,19496,0.612897
19485,19744,4.42165
19485,44102,7.32757
19488,18569,7.9107
19488,19481,6.83193
19488,19742,0.501235
19488,19778,8.97325
19488,20029,1.76031
19489,18606,8.25292
19489,18615,0
19489,19476,3.75071
19489,19482,6.36242
19489,19494,4.91376
19489,19500,1.15099
19489,19743,3.07463
19490,18607,4.99369
19490,18619,2.73781
19490,19484,6.12168
19490,19494,2.58067
19490,19744,4.07968
19490,20105,2.90054
19490,20106,4.28087
19491,18540,8.47031
19491,18632,10.3207
19491,18665,9.07179
19491,19475,8.29111
19491,19598,0.86108
19491,19711,3.32828
19491,19987,4.86717
19492,18602,6.64435
19492,19498,6.4992
19492,19751,8.59084
19492,19766,1.93479
19492,19783,3.64592
19492,19784,5.64589
19493,18636,2.61573
19493,19733,4.32286
19493,19747,5.32863
19493,20066,3.53833
19493,20110,5.67793
19494,18606,2.65579
19494,18619,3.08696
19494,19489,4.91376
19494,19490,2.58067
19494,19743,2.18908
19494,20025,4.0247
19494,20105,0.289814
19494,20106,5.55575
19495,19048,7.08838
19495,19508,4.1745
19495,19654,4.31754
19495,19775,2.75516
19495,19912,4.48731
19495,19975,4.5054
19496,18240,0.659692
19496,18603,6.83305
19496,19485,0.612897
19496,19502,2.16651
19496,19769,6.91153
19497,18572,2.93493
19497,18609,4.71912
19497,19536,3.17772
19497,19722,0.731288
19497,19738,5.48244
19497,19753,1.52911
19497,19776,4.81618
19498,18602,8.00552
19498,18611,4.42672
19498,18624,4.85247
19498,19492,6.4992
19498,19783,4.19938
19498,19799,3.3812
19500,18606,0
19500,18615,2.63183
19500,19482,3.07203
19500,19489,1.15099
19500,19761,3.67572
19500,20028,3.93513
19500,20029,1.24049
19501,18603,1.95544
19501,18607,5.05953
19501,19484,2.02984
19501,19502,4.86572
19501,19789,4.39611
19502,18240,8.19818
19502,18603,3.22818
19502,19496,2.16651
19502,19501,4.86572
19502,19789,2.33389
19502,19794,0.994402
19502,20097,1.6139
19503,19656,12.0466
19503,19719,16.3459
19503,19903,4.45937
19504,19513,3.86179
19504,19769,3.50356
19504,19779,4.6455
19504,19781,5.77165
19504,19790,3.87566
19507,18540,1.91385
19507,18567,9.773
19507,18632,4.03938
19507,18664,7.17599
19507,19808,8.57154
19508,19495,4.1745
19508,19642,3.48696
19508,19775,5.67797
19508,19915,4.8981
19508,19975,4.02982
19510,18633,3.88301
19510,19543,1.48912
19510,19731,4.68517
19510,19767,4.08263
19510,20068,2.81335
19510,20113,1.64329
19510,20114,3.32634
19513,19504,3.86179
19513,19515,5.56253
19513,19518,3.91439
19513,19781,6.04689
19513,19790,5.21362
19513,19797,2.97451
19514,18636,3.22654
19514,18700,3.11221
19514,19747,6.00447
19514,19768,4.21324
19514,19814,4.57187
19515,19513,5.56253
19515,19518,6.44994
19515,19781,4.60847
19515,19811,6.19902
19516,18621,5.55
19516,19525,2.76919
19516,19526,5.92681
19516,19788,2.01622
19516,19795,2.57862
19518,19513,3.91439
19518,19515,6.44994
19518,19528,7.54996
19518,19797,3.64229
19518,19811,5.08311
19518,19835,3.00001
19519,19780,9.57893
19519,19823,2.38129
19522,18241,5.08882
19522,18638,3.60465
19522,19523,4.40769
19522,19783,3.10258
19522,19799,3.33332
19522,19825,6.11216
19523,18241,5.51549
19523,18628,5.28993
19523,18638,3.58663
19523,18639,7.13242
19523,19522,4.40769
19524,18635,4.51297
19524,19531,4.65662
19524,19803,4.64238
19524,19827,1.932
19524,20026,3.41728
19524,20031,1.7209
19524,20033,2.68613
19525,18246,4.74659
19525,19516,2.76919
19525,19526,3.31571
19525,19788,2.54642
19525,19805,5.07058
19525,19996,0.369296
19525,20024,4.23565
19526,18246,3.93174
19526,19516,5.92681
19526,19525,3.31571
19526,19795,0.290566
19526,20023,5.33744
19527,19794,3.97374
19527,19795,4.49054
19527,19832,1.38232
19527,20023,2.89702
19527,20094,2.46376
19527,20095,2.98731
19528,18630,4.45656
19528,19518,7.54996
19528,19797,3.48231
19528,19834,6.34245
19528,19835,5.34949
19529,18631,1.90759
19529,19621,5.22233
19529,19623,3.16272
19529,19806,2.26949
19529,20006,4.23488
19529,20007,1.01981
19529,20008,3.99501
19529,20009,1.8409
19530,18952,1.72201
19530,19575,5.01043
19530,19628,4.42305
19530,19759,2.95203
19530,19760,3.06371
19530,20011,2.71344
19531,18627,0.766173
19531,18642,5.00667
19531,19524,4.65662
19531,19803,4.82191
19531,19827,4.04863
19531,19840,4.88965
19531,20041,4.4264
19534,19730,6.65983
19534,19815,0.47455
19534,19912,7.23067
19534,19915,3.86462
19534,19975,3.05429
19534,19983,1.34712
19534,19998,5.04706
19535,18269,3.41966
19535,18609,6.60154
19535,19536,1.78587
19535,19774,3.98482
19535,19864,4.56483
19535,44096,3.52457
19536,18609,4.55361
19536,19497,3.17772
19536,19535,1.78587
19536,19776,1.86313
19536,19848,6.5461
19536,44095,2.6311
19536,44096,3.42841
19537,18243,3.39111
19537,19548,3.91058
19537,19583,2.95145
19537,19793,2.20726
19537,19822,8.0201
19537,19823,2.31082
19537,20072,3.80362
19540,18640,7.09796
19540,18641,1.55076
19540,19546,2.21765
19540,19572,2.22779
19540,19573,4.42477
19540,19826,4.21623
19540,19850,2.12851
19543,18633,5.49582
19543,19510,1.48912
19543,20064,4.89885
19543,20068,4.28865
19544,19581,2.89193
19544,19791,5.60973
19544,19814,4.34393
19544,19818,4.23808
19544,19860,3.15126
19544,19879,4.30486
19546,18639,2.36562
19546,18640,2.66204
19546,18814,2.95049
19546,19540,2.21765
19546,19571,0.447998
19546,19572,5.94913
19546,19849,5.67397
19547,18247,2.5714
19547,18813,3.48961
19547,19548,5.91017
19547,19583,2.49754
19547,19866,2.51586
19547,20070,1.52194
19547,20071,3.187
19548,18247,3.22234
19548,18625,2.27894
19548,19537,3.91058
19548,19547,5.91017
19548,19583,2.96549
19548,19793,3.83732
19549,18248,3.9882
19549,18703,5.48975
19549,19550,2.1596
19549,19576,1.16594
19549,19829,6.14541
19549,19857,4.16333
19549,20040,0.956653
19550,19549,2.1596
19550,19551,4.19834
19550,19552,2.99181
19550,19578,2.88942
19550,19579,1.56887
19550,19829,3.99443
19550,19857,5.22188
19551,19550,4.19834
19551,19552,4.82944
19551,19829,2.15649
19551,19830,0.457343
19551,19841,3.148
19551,20022,3.28142
19552,18303,1.47486
19552,19550,2.99181
19552,19551,4.82944
19552,19562,4.29521
19552,19579,5.122
19552,19841,2.84771
19555,19571,2.39789
19555,19585,13.6769
19555,19825,3.41382
19555,19847,11.8253
19555,19868,5.28633
19555,19869,3.96128
19556,18768,6.48787
19556,19558,4.80493
19556,19573,3.2355
19556,19839,3.20271
19556,19850,6.76281
19557,18545,11.1952
19557,18608,9.06175
19557,18610,1.68061
19557,18992,6.68089
19557,19656,6.39868
19558,18768,3.34826
19558,19556,4.80493
19558,19559,7.33351
19558,19586,2.01154
19558,19839,4.27497
19558,19840,3.88895
19559,18749,2.17943
19559,19558,7.33351
19559,19586,1.3723
19559,19587,1.897
19559,19840,1.54171
19559,19851,3.92225
19559,19871,5.18864
19560,18223,8.39852
19560,18947,7.02342
19560,19455,2.33958
19560,19683,1.57027
19560,19756,6.09593
19560,19856,7.1666
19561,18703,6.0529
19561,18749,6.66918
19561,19576,3.84145
19561,19588,4.58449
19561,19851,0.990134
19562,18303,6.02546
19562,18304,1.717
19562,19552,4.29521
19562,19841,2.58869
19562,19853,4.51269
19562,20036,3.52908
19563,19564,0.871961
19563,19580,3.46783
19563,19833,3.63671
19563,19855,4.70016
19563,20020,0.88866
19563,20037,7.32438
19563,20092,0.238653
19564,19563,0.871961
19564,19580,5.61265
19564,19590,5.67994
19564,19855,5.86065
19565,18270,6.21372
19565,18816,1.32903
19565,19566,7.4638
19565,19590,5.32053
19565,19842,2.71311
19565,19875,6.36374
19566,18816,6.15749
19566,19565,7.4638
19566,19842,4.97888
19566,19843,2.21588
19566,19863,7.11432
19570,18663,6.6985
19570,19612,4.50907
19570,19846,9.05025
19570,19868,15.2982
19571,18814,6.8075
19571,19546,0.447998
19571,19555,2.39789
19571,19847,6.37782
19571,19849,6.6152
19571,19869,7.3148
19571,19885,2.66327
19572,18814,4.53722
19572,19540,2.22779
19572,19546,5.94913
19572,19573,6.72064
19572,19595,2.90854
19573,18768,2.22966
19573,19540,4.42477
19573,19556,3.2355
19573,19572,6.72064
19573,19595,3.42768
19573,19850,3.22623
19573,19870,3.61409
19574,18633,6.4575
19574,19767,0.335244
19574,19876,7.2084
19574,19900,5.99384
19574,20064,3.70116
19575,18952,4.0269
19575,19530,5.01043
19575,19812,4.07557
19575,19908,3.62139
19575,20010,3.16214
19575,20011,0.827937
19576,18703,4.42604
19576,18886,2.29183
19576,19549,1.16594
19576,19561,3.84145
19576,19588,3.59105
19576,19605,3.03084
19576,19857,4.90813
19576,19859,5.45234
19577,18636,2.83679
19577,18700,2.5724
19577,19600,4.62358
19577,19601,4.16654
19577,19646,0
19577,20065,1.98505
19578,19550,2.88942
19578,19579,7.1218
19578,19597,4.99331
19578,19857,2.7246
19578,19859,4.9382
19579,18303,4.65519
19579,19550,1.56887
19579,19552,5.122
19579,19578,7.1218
19579,19597,1.9888
19579,19599,1.7466
19580,19563,3.46783
19580,19564,5.61265
19580,19590,1.80087
19580,19608,2.50005
19580,20019,3.22313
19580,20020,3.64518
19581,19544,2.89193
19581,19818,6.67761
19581,19862,4.94044
19581,19879,6.34985
19582,18269,3.62318
19582,19603,3.90381
19582,19771,0.819321
19582,19792,6.71545
19582,19818,3.99908
19582,19862,7.51258
19582,19864,3.14883
19583,19537,2.95145
19583,19547,2.49754
19583,19548,2.96549
19583,19607,5.65982
19583,19866,1.66715
19583,20072,5.34789
19585,19555,13.6769
19585,19592,6.31793
19585,19868,7.71244
19585,19869,2.33688
19585,19881,8.17624
19585,19890,2.86478
19586,18768,5.00117
19586,18885,3.38834
19586,19558,2.01154
19586,19559,1.3723
19586,19587,7.07668
19586,19870,2.55299
19587,18885,3.20746
19587,19559,1.897
19587,19586,7.07668
19587,19871,3.88453
19587,19874,2.05732
19587,19886,4.02662
19588,18749,3.20143
19588,18886,6.39695
19588,19561,4.58449
19588,19576,3.59105
19588,19615,3.30934
19588,19871,4.76612
19588,19874,3.70044
19590,18270,5.42531
19590,19564,5.67994
19590,19565,5.32053
19590,19580,1.80087
19590,19608,1.81308
19590,19609,7.17579
19590,19855,1.1186
19590,19875,5.63014
19591,19872,4.39545
19592,18884,5.24157
19592,18948,0.619663
19592,19585,6.31793
19592,19613,6.06795
19592,19869,2.33708
19592,19881,2.94488
19592,19891,7.32583
19593,18213,4.17034
19593,18548,3.75795
19593,19466,3.85507
19593,19596,7.14203
19593,19735,10.7735
19593,19845,4.89059
19594,18814,3.70346
19594,19595,5.1707
19594,19885,3.43454
19594,19894,1.01585
19594,19995,4.02904
19595,18814,1.39179
19595,19572,2.90854
19595,19573,3.42768
19595,19594,5.1707
19595,19870,3.95393
19595,19894,3.74705
19595,20099,1.76945
19596,18912,2.85615
19596,19466,4.37406
19596,19593,7.14203
19596,19719,10.0485
19596,19844,4.79712
19596,19845,9.57469
19597,19578,4.99331
19597,19579,1.9888
19597,19599,3.91043
19597,19606,5.15538
19597,19859,1.46134
19597,19896,6.19393
19598,18632,10.7287
19598,18665,7.73787
19598,19491,0.86108
19598,19617,4.56496
19598,19618,5.00982
19598,19640,6.55041
19598,19924,5.35149
19599,18303,9.80786
19599,19579,1.7466
19599,19597,3.91043
19599,19616,5.87802
19599,19896,3.8102
19599,20017,1.04224
19599,20018,5.55231
19600,19577,4.62358
19600,19601,0
19600,19646,3.76149
19600,20065,0.960611
19600,20067,2.60851
19600,20075,0.638546
19600,20076,4.82251
19601,18700,3.82729
19601,19577,4.16654
19601,19600,0
19601,19646,2.48908
19601,19647,5.04633
19601,19878,4.5425
19603,19582,3.90381
19603,19626,1.13524
19603,19627,4.15904
19603,19862,2.18752
19603,19864,3.29114
19603,19882,4.86716
19603,19884,2.92314
19605,18886,7.18488
19605,19576,3.03084
19605,19606,4.16901
19605,19625,5.37283
19605,19859,3.33507
19606,19597,5.15538
19606,19605,4.16901
19606,19625,3.12417
19606,19644,3.82595
19606,19859,5.43599
19606,19896,4.38009
19606,19926,2.77705
19607,19583,5.65982
19607,19632,5.54985
19607,19866,3.33279
19607,20072,1.6628
19607,20073,1.90555
19607,20102,1.87148
19608,18991,1.61871
19608,19580,2.50005
19608,19590,1.81308
19608,19609,7.51574
19608,20016,4.74228
19608,20019,3.84175
19608,20039,0.350651
19609,18991,1.14504
19609,19590,7.17579
19609,19608,7.51574
19609,19637,6.32894
19609,19875,1.22627
19609,19905,3.33798
19612,19570,4.50907
19612,19868,4.40753
19612,19890,11.7988
19612,19922,10.7017
19612,19940,0.617461
19613,18884,1.31645
19613,18948,6.09126
19613,19592,6.06795
19613,19892,4.15922
19613,44093,1.13672
19614,19883,4.17644
19614,19885,3.91737
19614,19892,2.71115
19614,19994,2.17274
19614,19995,4.3023
19614,44094,7.98168
19615,18886,2.95939
19615,18950,3.73793
19615,18989,1.3831
19615,19588,3.30934
19615,19874,4.7866
19615,19886,3.249
19615,19916,6.8163
19616,19116,0.413784
19616,19599,5.87802
19616,19896,4.17765
19616,19917,8.26008
19616,19918,4.94886
19616,20017,1.47795
19617,18382,5.9446
19617,18632,2.49055
19617,18664,9.03266
19617,19598,4.56496
19617,19640,10.561
19618,18665,4.79905
19618,19598,5.00982
19618,19876,6.3506
19618,19924,8.59806
19619,19047,6.14104
19619,19900,3.06378
19619,20064,4.55489
19619,20067,2.17572
19619,20069,1.89404
19619,20076,2.56786
19621,18548,8.4429
19621,19529,5.22233
19621,19623,4.01791
19621,19735,5.8602
19621,19806,5.01964
19621,19901,5.60365
19622,18384,3.59898
19622,19860,1.41727
19622,19878,2.48807
19622,19879,7.12154
19622,19904,2.79867
19622,19927,3.84507
19623,18548,7.52938
19623,18631,10.6688
19623,18912,2.6117
19623,19466,0.441268
19623,19477,0
19623,19529,3.16272
19623,19621,4.01791
19624,18571,1.94471
19624,18912,5.37685
19624,18987,5.3982
19624,19477,4.69485
19624,19719,4.97857
19624,19903,5.14708
19625,18886,0.337121
19625,18950,6.18961
19625,19605,5.37283
19625,19606,3.12417
19625,19644,4.27814
19625,19925,4.79527
19626,19603,1.13524
19626,19627,4.37738
19626,19648,4.54282
19626,19650,3.44954
19626,19882,2.68818
19626,19904,0.628984
19626,20046,1.93246
19627,19603,4.15904
19627,19626,4.37738
19627,19862,3.90148
19627,19904,5.15402
19628,18571,2.4182
19628,18767,5.37324
19628,18952,5.0737
19628,19477,3.86872
19628,19530,4.42305
19628,19759,1.65242
19629,18816,1.61591
19629,18888,7.87435
19629,19658,5.76063
19629,19659,6.52488
19629,19898,9.18581
19629,19921,5.70679
19630,18330,5.65804
19630,18951,4.18564
19630,19651,0.755054
19630,19887,0.986744
19630,19906,3.70428
19630,20083,3.80057
19631,19632,5.42927
19631,19670,3.73397
19631,19866,2.67527
19631,20071,2.80369
19631,20084,4.42963
19632,19607,5.54985
19632,19631,5.42927
19632,19670,0.721072
19632,19671,3.51819
19632,19866,0.570086
19632,19909,4.08407
19632,20102,4.06011
19634,18383,4.51927
19634,19641,3.20869
19634,19894,2.22286
19634,19895,3.74333
19634,19933,3.85009
19634,20098,3.99048
19636,18545,6.03044
19636,18987,3.07579
19636,18992,3.54455
19636,19755,5.00136
19636,19908,2.75997
19636,44105,5.93277
19637,18991,6.8529
19637,19609,6.32894
19637,19664,0.146856
19637,19905,8.86962
19637,20050,5.54462
19638,18610,2.90313
19638,18992,6.13807
19638,19763,3.85698
19638,44104,4.24778
19638,44105,1.09699
19640,18382,0.398881
19640,19283,12.0427
19640,19598,6.55041
19640,19617,10.561
19640,19924,3.43309
19641,19045,1.84499
19641,19634,3.20869
19641,19894,2.14997
19641,19933,3.36319
19641,19941,2.97782
19641,19994,1.58011
19642,19508,3.48696
19642,19770,1.88598
19642,19775,5.61712
19642,19819,3.85149
19642,19872,9.00043
19642,19915,2.75503
19643,18950,5.28556
19643,19157,5.61146
19643,19916,4.6228
19643,19925,4.64477
19643,19942,4.66303
19644,19606,3.82595
19644,19625,4.27814
19644,19679,3.38004
19644,19925,9.76195
19644,19926,11.6558
19646,19577,0
19646,19600,3.76149
19646,19601,2.48908
19646,19647,4.61377
19646,19665,0.870234
19646,19945,2.15851
19646,20075,4.89336
19647,18384,3.18213
19647,19601,5.04633
19647,19646,4.61377
19647,19665,6.20282
19647,19878,3.17014
19648,19626,4.54282
19648,19666,6.4033
19648,19904,5.05016
19648,19927,0.383135
19648,20046,2.46159
19650,19626,3.44954
19650,19882,2.81432
19650,20046,3.60862
19650,20047,4.60319
19650,20090,1.14903
19650,20091,4.03353
19651,18951,3.72686
19651,19630,0.755054
19651,19668,4.57947
19651,20002,1.2707
19651,20083,4.40946
19651,20090,4.91787
19653,19677,8.69973
19653,19890,3.84648
19653,19902,8.77744
19653,19913,4.94883
19653,19940,6.87504
19654,19048,4.10742
19654,19188,4.77068
19654,19495,4.31754
19654,19775,5.24551
19656,18545,6.48633
19656,18987,1.52676
19656,19503,12.0466
19656,19557,6.39868
19656,19903,7.23382
19658,19629,5.76063
19658,19659,2.08407
19658,19674,4.97766
19658,19898,2.51514
19658,19938,7.04827
19659,19282,3.99216
19659,19629,6.52488
19659,19658,2.08407
19659,19674,7.07576
19659,19921,4.7306
19661,18382,6.9017
19661,19720,11.5871
19661,19873,15.3706
19661,19978,4.16203
19662,18989,8.14213
19662,19191,9.96898
19662,19916,1.54755
19662,19934,2.52224
19662,19942,6.25188
19662,19958,1.87564
19664,19637,0.146856
19664,19682,4.75017
19664,19690,7.62617
19664,19905,7.15869
19664,19938,8.3986
19664,20050,8.44589
19665,18384,2.78175
19665,19646,0.870234
19665,19647,6.20282
19665,19688,3.88925
19665,19945,4.95316
19665,20087,2.39032
19666,19289,7.56714
19666,19648,6.4033
19666,19692,5.30435
19666,19704,0.353529
19666,19927,3.89705
19666,20046,2.0427
19666,20047,1.35272
19668,19651,4.57947
19668,19968,3.44578
19668,19969,3.88223
19668,20000,1.1586
19668,20002,4.36342
19668,20047,0.388309
19668,20090,2.13521
19670,18433,3.35412
19670,19631,3.73397
19670,19632,0.721072
19670,19671,5.65693
19670,19985,6.36676
19670,20084,3.18124
19671,19632,3.51819
19671,19670,5.65693
19671,19909,4.43358
19671,19977,1.44816
19671,19985,0.784026
19671,19986,5.56865
19672,19157,2.72732
19672,19286,4.84976
19672,19679,5.47517
19672,19925,5.45345
19672,19966,4.52803
19673,19686,3.03252
19673,19687,2.00842
19673,19951,3.70531
19673,19991,3.75832
19673,20014,1.90045
19673,20015,3.52399
19674,19282,7.95358
19674,19658,4.97766
19674,19659,7.07576
19674,19691,7.27446
19674,19938,2.34018
19674,19982,4.39739
19675,19909,5.47022
19675,19977,3.53989
19675,19989,4.46461
19677,19653,8.69973
19677,19913,0.277815
19677,19940,9.31085
19677,19947,10.9276
19677,19955,1.20192
19677,20108,15.0352
19678,19949,3.95373
19678,19971,4.52317
19678,20051,5.67264
19678,20054,0.636824
19678,20055,2.55825
19679,18500,3.84529
19679,19286,5.4881
19679,19644,3.38004
19679,19672,5.47517
19679,19925,0.350728
19679,19926,2.53472
19679,19943,8.5503
19679,19976,3.0998
19680,18213,5.43381
19680,18331,2.82344
19680,18704,9.23475
19680,19683,12.3312
19680,19856,6.13261
19682,18501,2.27259
19682,19664,4.75017
19682,19690,3.57939
19682,19993,7.14231
19682,20050,1.53406
19683,18213,2.71018
19683,18947,9.40819
19683,19560,1.57027
19683,19680,12.3312
19683,19735,10.3651
19683,19856,4.05584
19684,19191,4.21958
19684,19697,4.87767
19684,19950,5.06028
19684,19973,2.79088
19684,19974,7.22779
19685,19686,4.51088
19685,19701,1.85226
19685,19944,0.308342
19685,19951,3.0706
19685,19960,6.51382
19685,20012,1.23166
19685,20013,2.15031
19686,19673,3.03252
19686,19685,4.51088
19686,19687,5.04056
19686,19701,2.96212
19686,19951,1.96973
19687,19673,2.00842
19687,19686,5.04056
19687,19696,2.84967
19687,19701,3.79
19687,19991,4.72952
19688,19288,1.95716
19688,19665,3.88925
19688,19702,5.96884
19688,19945,1.65378
19688,20086,2.3747
19688,20087,3.64861
19690,18501,6.41396
19690,19428,3.22988
19690,19664,7.62617
19690,19682,3.57939
19690,19691,9.82053
19690,19718,3.88607
19690,19938,2.58233
19691,19674,7.27446
19691,19690,9.82053
19691,19718,3.76051
19691,19938,4.36703
19691,19982,4.80093
19692,19290,4.32922
19692,19666,5.30435
19692,19704,5.59804
19692,20047,2.99771
19696,18501,4.73716
19696,18527,0.650228
19696,19387,3.23295
19696,19687,2.84967
19696,19701,0.42191
19696,19991,3.34926
19696,19993,3.94645
19697,19427,1.02504
19697,19684,4.87767
19697,19715,6.85458
19697,19733,4.73728
19697,19973,4.57095
19697,19974,0.356717
19698,18543,1.20879
19698,19346,3.32602
19698,19699,6.74624
19698,19721,6.19507
19698,19958,2.92444
19698,19966,5.40835
19699,18208,7.06768
19699,18500,1.45221
19699,18543,2.67013
19699,19286,5.07276
19699,19698,6.74624
19699,19966,4.21252
19700,19452,7.33245
19700,19722,1.36447
19700,19959,3.92737
19700,19960,3.76503
19700,19976,5.29123
19700,20013,6.20389
19701,19387,4.53531
19701,19454,5.72461
19701,19685,1.85226
19701,19686,2.96212
19701,19687,3.79
19701,19696,0.42191
19701,19723,1.00052
19701,20012,3.94562
19702,18538,2.3477
19702,19288,3.04135
19702,19688,5.96884
19702,19725,5.46678
19702,20006,3.90892
19702,20086,1.61971
19703,18538,5.7863
19703,19289,5.49847
19703,19704,2.04581
19703,19726,3.79694
19703,20086,3.64017
19704,18513,4.34137
19704,19289,3.10979
19704,19290,0.792983
19704,19666,0.353529
19704,19692,5.59804
19704,19703,2.04581
19704,19726,4.1877
19709,18540,3.97379
19709,18567,13.3127
19709,19284,7.85312
19709,19710,6.68137
19709,19947,0.652404
19709,20108,8.57681
19710,18540,11.1548
19710,19284,7.91426
19710,19285,4.47443
19710,19709,6.68137
19710,19962,4.28468
19711,18517,7.29215
19711,19475,5.292
19711,19491,3.32828
19711,19957,4.70665
19711,19971,1.74258
19711,19987,7.98869
19712,19447,4.59863
19712,19731,1.51956
19712,19971,6.38019
19712,20055,2.21047
19712,20056,3.00758
19712,20119,5.04954
19712,20124,0.575885
19715,19697,6.85458
19715,19733,2.79919
19715,19734,6.53478
19715,19974,4.04779
19715,19988,5.91123
19718,19428,6.41489
19718,19483,5.61501
19718,19690,3.88607
19718,19691,3.76051
19718,19740,4.83485
19718,19982,10.2687
19719,18912,5.41838
19719,19503,16.3459
19719,19596,10.0485
19719,19624,4.97857
19719,19844,11.4985
19719,19903,4.32442
19720,18242,7.37933
19720,18331,8.75145
19720,18704,1.61418
19720,19661,11.5871
19720,19978,7.42633
19721,18236,1.01673
19721,18543,6.19319
19721,19346,4.31672
19721,19698,6.19507
19721,19748,8.22048
19721,19988,4.44793
19722,18572,8.13652
19722,19452,2.58089
19722,19454,1.13341
19722,19497,0.731288
19722,19700,1.36447
19722,19738,4.30419
19722,20012,3.52572
19722,20013,2.95277
19723,18527,3.22848
19723,19387,2.72551
19723,19454,3.39842
19723,19479,3.87841
19723,19701,1.00052
19723,19738,1.43383
19723,19753,4.22868
19725,18538,3.24442
19725,18631,0.396041
19725,19702,5.46678
19725,19758,4.18475
19725,19759,1.31199
19725,20006,1.68605
19725,20009,2.54005
19726,18513,2.05499
19726,18538,0.679607
19726,19703,3.79694
19726,19704,4.1877
19726,19760,3.08359
19726,20010,2.18031
19726,20011,3.19214
19727,18214,1.60606
19727,18542,2.86157
19727,18547,4.07487
19727,19450,6.02505
19727,19464,4.7559
19727,19465,4.0821
19727,19728,9.38601
19728,18526,7.18378
19728,19450,7.00627
19728,19464,3.64392
19728,19727,9.38601
19730,19462,2.96575
19730,19534,6.65983
19730,19819,3.24554
19730,19915,1.5864
19730,19983,3.31215
19730,19984,3.43223
19731,19447,5.96171
19731,19510,4.68517
19731,19712,1.51956
19731,19767,1.86475
19731,20114,3.09827
19731,20124,5.17203
19732,18541,4.20253
