label, neighbor, wall area
43716,43923,7.04799
43716,43938,2.05084
43716,43945,5.41367
43716,44002,5.29843
43716,44009,2.67336
43716,44078,2.97553
43718,43751,1.67663
43718,43764,8.09676
43718,43828,7.62416
43718,43940,5.32796
43718,43958,3.33598
43718,43976,3.44225
43718,43985,3.55479
43720,43761,5.53112
43720,43832,2.3577
43720,43961,4.85133
43720,43965,9.24165
43720,43993,2.8981
43720,43994,7.42988
43720,44000,3.96033
43721,43773,8.72455
43721,43782,4.97963
43721,43785,2.72868
43721,43846,9.20349
43721,43976,4.09616
43721,43978,3.58421
43722,43859,3.3753
43722,43969,0.692008
43722,43989,3.16698
43722,44004,7.50753
43722,44050,3.37438
43722,44075,2.00256
43722,44077,6.79238
43723,43787,3.09243
43723,43795,10.6216
43723,44011,5.8511
43723,44012,8.65682
43724,43853,3.54178
43724,43856,1.79952
43724,43861,7.10445
43724,44042,9.1464
43724,44051,3.52116
43725,43786,2.56158
43725,44021,3.59078
43725,44068,8.27418
43725,44074,7.21898
43728,43806,8.2733
43728,43880,4.39468
43728,44088,7.34038
43728,44091,7.38474
43730,43732,4.30617
43730,43875,2.0818
43730,43885,7.06363
43730,43886,7.24214
43730,44090,5.15114
43730,44091,4.76154
43732,43730,4.30617
43732,43808,2.3828
43732,43809,5.10216
43732,43816,9.16287
43732,43817,2.74748
43732,43885,4.72107
43732,43886,3.14
43732,43897,5.51985
43733,43738,7.58073
43733,43813,5.48277
43733,43887,4.27261
43733,43892,7.4032
43733,43898,1.73535
43734,43882,1.92987
43734,43889,9.2768
43734,43895,3.98325
43734,43900,5.58041
43735,43800,9.04982
43735,43826,3.07952
43735,43827,7.86347
43735,44054,2.43405
43735,44082,8.86345
43737,43738,4.8089
43737,43741,5.67306
43737,43809,3.18245
43737,43813,7.79277
43737,43817,7.52095
43737,43905,2.70818
43738,43733,7.58073
43738,43737,4.8089
43738,43741,4.23989
43738,43813,1.26257
43738,43898,3.8622
43738,43917,4.55302
43739,43748,3.72915
43739,43815,9.16027
43739,43902,3.33633
43739,43924,6.61934
43739,43931,0.33906
43740,43742,0.789877
43740,43821,4.13681
43740,43900,7.61579
43741,43737,5.67306
43741,43738,4.23989
43741,43745,6.76019
43741,43905,3.26969
43741,43917,4.79471
43742,43740,0.789877
43742,43820,3.33766
43742,43821,4.62358
43742,43899,9.87452
43742,43900,2.44004
43742,43928,5.16035
43742,43929,5.35758
43742,43942,2.08633
43744,43755,4.21753
43744,43888,2.92498
43744,43916,5.89123
43744,43969,3.78448
43744,44080,4.89093
43745,43741,6.76019
43745,43823,7.08593
43745,43905,3.50146
43745,43917,1.42491
43745,43925,3.67052
43745,43937,1.67676
43746,43762,4.08924
43746,43891,4.50006
43746,43916,2.8497
43746,43919,5.11422
43746,43971,2.34773
43746,44081,2.06557
43748,43739,3.72915
43748,43902,10.6976
43748,43924,3.44944
43748,43932,7.70137
43748,43933,5.67203
43749,43751,5.84404
43749,43820,3.315
43749,43828,3.79385
43749,43908,2.69927
43749,43920,3.12341
43749,43928,7.57532
43749,43959,3.20871
43750,43754,7.02699
43750,43823,2.21221
43750,43825,3.80226
43750,43917,4.46533
43750,43918,5.49948
43750,43940,0.151955
43750,43956,1.00753
43751,43718,1.67663
43751,43749,5.84404
43751,43828,7.37745
43751,43920,5.93071
43751,43940,6.79635
43752,43842,6.19612
43752,43881,5.16305
43752,43884,1.77998
43752,43941,5.79455
43752,43944,5.64775
43752,43986,2.80622
43753,43761,11.2664
43753,43912,3.60317
43753,43934,10.5013
43753,43935,6.52346
43753,43955,1.06796
43753,43961,1.61856
43754,43750,7.02699
43754,43940,5.78792
43754,43956,4.71382
43754,43958,5.70114
43755,43744,4.21753
43755,43834,5.81494
43755,43888,3.86248
43755,43969,4.24755
43755,43988,0.930051
43757,43823,4.99117
43757,43825,2.96814
43757,43830,6.09573
43757,43937,4.27657
43757,43956,1.73866
43757,43968,3.96637
43758,43759,8.67242
43758,43841,3.53313
43758,43929,5.40959
43758,43942,1.37506
43758,43959,8.89317
43758,43970,4.96838
43758,43978,4.49949
43759,43758,8.67242
43759,43838,7.03013
43759,43942,11.9988
43759,43970,3.03921
43760,43763,6.39604
43760,43832,5.37559
43760,43933,1.70311
43760,43943,4.13803
43760,43951,12.458
43760,43961,2.66345
43760,43980,1.15356
43761,43720,5.53112
43761,43753,11.2664
43761,43955,7.6965
43761,43961,6.33375
43761,43965,3.64241
43762,43746,4.08924
43762,43916,4.83795
43762,43969,3.6752
43762,43971,3.37271
43762,43989,6.64663
43763,43760,6.39604
43763,43832,5.22051
43763,43844,8.6373
43763,43852,4.79207
43763,43980,5.83106
43764,43718,8.09676
43764,43766,2.97083
43764,43835,4.70395
43764,43958,2.19351
43764,43985,4.59236
43764,43996,5.09699
43764,44001,1.14872
43765,43819,3.59372
43765,43927,5.21358
43765,43981,10.9958
43765,43998,4.37212
43765,44039,2.99593
43766,43764,2.97083
43766,43775,7.38711
43766,43835,5.6073
43766,43974,4.19961
43766,43983,4.18149
43766,43996,4.89731
43767,43834,2.2502
43767,43967,6.97935
43767,43988,4.60356
43767,44003,2.17751
43767,44026,2.86386
43767,44028,3.97292
43768,43845,9.12667
43768,43982,5.99387
43768,44000,4.83711
43768,44006,6.22849
43769,43843,5.51744
43769,43906,8.98595
43769,43915,6.33001
43769,43984,0.715866
43769,44052,5.62506
43769,44083,3.53574
43771,44014,3.30957
43771,44037,8.41558
43773,43721,8.72455
43773,43776,7.47874
43773,43782,4.49269
43773,43976,3.50663
43773,43985,3.9098
43773,44027,0.473116
43774,43775,5.49291
43774,43845,3.27265
43774,43983,7.00587
43774,44007,6.35126
43774,44019,4.38399
43774,44025,2.5426
43775,43766,7.38711
43775,43774,5.49291
43775,43853,5.19331
43775,43983,2.12477
43775,43996,1.96235
43775,44019,3.84246
43776,43773,7.47874
43776,43856,0.272955
43776,43985,4.38746
43776,44001,6.32692
43776,44027,6.09835
43777,43778,3.06096
43777,43847,9.45045
43777,43991,1.89403
43777,44013,7.08231
43777,44020,6.59624
43777,44029,3.01077
43778,43777,3.06096
43778,43991,5.21717
43778,44020,6.51433
43779,43844,11.2646
43779,43852,10.0851
43779,43855,7.02249
43779,44031,2.47116
43779,44032,4.90034
43779,44045,7.1402
43780,44000,7.53066
43780,44005,7.75599
43780,44006,0.473729
43780,44033,6.88073
43780,44038,2.56695
43780,44048,3.66737
43782,43721,4.97963
43782,43773,4.49269
43782,43785,2.33256
43782,44027,8.32607
43782,44036,6.6612
43782,44043,4.63788
43784,43855,8.36216
43784,44005,6.51978
43784,44038,4.91849
43784,44047,6.92937
43785,43721,2.72868
43785,43782,2.33256
43785,43793,5.44226
43785,43846,2.09274
43785,44013,6.8659
43785,44029,5.89759
43785,44036,8.63526
43786,43725,2.56158
43786,43997,2.0827
43786,44021,10.7014
43786,44031,8.90979
43786,44058,4.70361
43786,44068,2.18505
43787,43723,3.09243
43787,43794,3.24972
43787,43795,4.08238
43787,43990,2.08503
43787,44010,6.60173
43787,44011,7.76279
43790,43860,5.26922
43790,43865,9.6055
43790,44025,6.46477
43790,44040,3.57219
43790,44061,3.48202
43791,43850,1.20665
43791,44023,3.04547
43791,44024,4.93676
43791,44046,6.66635
43791,44071,6.08649
43792,43824,7.95977
43792,43843,5.98349
43792,44035,3.52705
43792,44052,5.08229
43792,44070,3.51982
43793,43785,5.44226
43793,43796,7.06959
43793,43798,5.15458
43793,44029,3.86757
43793,44036,4.99785
43793,44055,1.90827
43793,44065,5.27663
43794,43787,3.24972
43794,43795,3.4566
43794,44010,2.80578
43794,44053,5.75882
43794,44078,5.57345
43795,43723,10.6216
43795,43787,4.08238
43795,43794,3.4566
43795,43803,5.65731
43795,43945,3.94018
43795,43954,4.59978
43795,44012,1.46282
43795,44078,1.02611
43796,43793,7.06959
43796,43798,5.17962
43796,43891,3.44515
43796,44036,2.61728
43796,44043,6.54146
43796,44073,5.16361
43796,44081,4.80663
43797,43888,3.97111
43797,44042,2.10616
43797,44051,7.50445
43797,44061,1.76252
43797,44063,1.71223
43797,44072,8.15243
43797,44079,3.71223
43798,43793,5.15458
43798,43796,5.17962
43798,43893,6.75625
43798,44065,6.01375
43798,44081,2.9556
43798,44082,1.42648
43799,43906,7.88677
43799,43915,7.70359
43799,44026,5.01476
43799,44028,3.9588
43799,44046,5.39406
43799,44075,2.33493
43800,43735,9.04982
43800,43827,4.55339
43800,44044,4.17264
43800,44054,4.24802
43802,43862,5.98667
43802,43873,8.09104
43802,43936,5.61201
43802,43939,5.33966
43802,44045,2.3667
43802,44059,11.3938
43803,43795,5.65731
43803,43952,5.71627
43803,43954,5.21547
43803,44012,5.96234
43803,44060,9.51615
43806,43728,8.2733
43806,43807,4.00867
43806,43880,4.05701
43806,43882,6.8612
43806,44088,5.02672
43807,43806,4.00867
43807,43814,4.48418
43807,43879,0.832656
43807,43880,4.47312
43807,43882,8.809
43807,43887,9.80522
43807,43889,2.18379
43808,43732,2.3828
43808,43815,7.84264
43808,43816,5.24438
43808,43875,2.87758
43808,43885,6.13176
43809,43732,5.10216
43809,43737,3.18245
43809,43813,3.57399
43809,43817,6.14162
43809,43879,5.52348
43809,43886,8.6143
43813,43733,5.48277
43813,43737,7.79277
43813,43738,1.26257
43813,43809,3.57399
43813,43879,4.5664
43813,43887,4.38135
43814,43807,4.48418
43814,43818,1.20283
43814,43887,2.51953
43814,43889,4.6053
43814,43892,8.73121
43814,43895,3.61247
43815,43739,9.16027
43815,43808,7.84264
43815,43816,8.10733
43815,43902,6.15071
43816,43732,9.16287
43816,43808,5.24438
43816,43815,8.10733
43816,43897,3.32783
43816,43902,3.44903
43816,43903,6.80842
43817,43732,2.74748
43817,43737,7.52095
43817,43809,6.14162
43817,43897,7.77601
43817,43905,5.56352
43817,43914,3.43625
43818,43814,1.20283
43818,43820,2.11989
43818,43892,4.22731
43818,43895,8.48198
43818,43907,4.38742
43818,43908,2.61271
43819,43765,3.59372
43819,43873,10.1512
43819,43927,6.26702
43819,43962,6.25628
43819,43981,5.60665
43819,44058,1.18995
43819,44068,6.93391
43819,44074,3.84752
43820,43742,3.33766
43820,43749,3.315
43820,43818,2.11989
43820,43895,2.10523
43820,43899,5.30501
43820,43908,7.62262
43820,43928,2.54176
43821,43740,4.13681
43821,43742,4.62358
43821,43942,10.3497
43822,43915,3.21387
43822,43923,2.94898
43822,43938,1.89028
43822,44075,6.8905
43822,44077,4.63327
43822,44084,3.14078
43823,43745,7.08593
43823,43750,2.21221
43823,43757,4.99117
43823,43825,5.36718
43823,43917,6.6976
43823,43937,3.74145
43824,43792,7.95977
43824,44035,4.9439
43825,43750,3.80226
43825,43757,2.96814
43825,43823,5.36718
43825,43956,7.16635
43826,43735,3.07952
43826,43827,5.67209
43826,43921,0.659978
43826,43953,7.54351
43826,43990,3.51366
43826,44011,4.47902
43826,44082,4.0946
43827,43735,7.86347
43827,43800,4.55339
43827,43826,5.67209
43827,43973,9.61661
43827,44011,11.7982
43828,43718,7.62416
43828,43749,3.79385
43828,43751,7.37745
43828,43959,10.6129
43828,43976,5.7171
43829,43931,3.86102
43829,43960,11.8444
43829,43987,0.811949
43830,43757,6.09573
43830,43937,2.12661
43830,43955,3.33904
43830,43965,3.14928
43830,43966,3.1097
43830,43968,1.75295
43830,43982,2.42012
43832,43720,2.3577
43832,43760,5.37559
43832,43763,5.22051
43832,43844,4.66169
43832,43961,12.3438
43832,43993,8.57327
43834,43755,5.81494
43834,43767,2.2502
43834,43888,2.28515
43834,43909,4.46427
43834,43967,2.19783
43834,43988,4.69052
43835,43764,4.70395
43835,43766,5.6073
43835,43958,7.78792
43835,43974,4.50846
43838,43759,7.03013
43838,43847,0.389573
43838,43970,9.08207
43838,43991,6.07714
43840,43936,4.04179
43840,43939,3.43694
43840,43963,6.94059
43840,43999,4.56641
43840,44022,5.6129
43841,43758,3.53313
43841,43846,3.56243
43841,43847,5.61832
43841,43970,9.5098
43841,43978,10.8086
43842,43752,6.19612
43842,43850,5.49306
43842,43944,4.76065
43842,43967,2.75331
43842,43986,3.03879
43842,44003,4.55175
43843,43769,5.51744
43843,43792,5.98349
43843,43975,4.42088
43843,43984,8.16077
43843,44035,2.97855
43843,44052,5.99814
43844,43763,8.6373
43844,43779,11.2646
43844,43832,4.66169
43844,43852,2.28176
43844,43855,2.64554
43844,43993,10.3479
43845,43768,9.12667
43845,43774,3.27265
43845,43966,4.13004
43845,43968,3.46484
43845,43982,4.43495
43845,43983,4.9304
43845,44006,0.58721
43845,44007,1.76185
43846,43721,9.20349
43846,43785,2.09274
43846,43841,3.56243
43846,43847,3.63264
43846,43978,4.37886
43846,44013,6.77346
43847,43777,9.45045
43847,43838,0.389573
43847,43841,5.61832
43847,43846,3.63264
43847,43970,6.40363
43847,43991,6.86605
43847,44013,2.39102
43849,43972,7.97684
43849,43987,8.29257
43849,43997,9.70445
43849,44021,4.00017
43850,43791,1.20665
43850,43842,5.49306
43850,43986,3.91086
43850,44003,4.63165
43850,44024,4.77892
43850,44046,5.29157
43852,43763,4.79207
43852,43779,10.0851
43852,43844,2.28176
43852,43980,5.20215
43852,43997,8.72541
43852,44031,7.66957
43853,43724,3.54178
43853,43775,5.19331
43853,43856,7.63051
43853,43861,2.10365
43853,43996,4.96722
43853,44001,1.06285
43853,44019,5.22761
43855,43779,7.02249
43855,43784,8.36216
43855,43844,2.64554
43855,43993,5.79446
43855,43994,3.90178
43855,44005,3.97725
43855,44032,6.49937
43855,44047,1.82327
43856,43724,1.79952
43856,43776,0.272955
43856,43853,7.63051
43856,44001,6.30902
43856,44027,7.18571
43856,44034,1.38483
43856,44042,4.21746
43859,43722,3.3753
43859,43989,4.13733
43859,44008,7.11178
43859,44053,4.5639
43859,44077,3.75316
43860,43790,5.26922
43860,43865,0.826784
43860,44006,1.94977
43860,44007,4.96243
43860,44025,1.78455
43860,44033,7.07895
43860,44049,2.75987
43861,43724,7.10445
43861,43853,2.10365
43861,44019,6.39434
43861,44025,0.287805
43861,44040,6.76134
43861,44051,1.66243
43862,43802,5.98667
43862,43873,3.97661
43862,44031,2.88141
43862,44045,7.56556
43862,44058,9.06073
43864,43868,7.0154
43864,43904,0.517321
43864,44038,4.86637
43864,44047,6.62152
43864,44048,2.00519
43864,44076,5.51587
43865,43790,9.6055
43865,43860,0.826784
43865,44049,4.01821
43865,44061,2.10016
43865,44069,5.02671
43865,44079,3.51598
43867,43870,8.37314
43867,44070,5.89549
43868,43864,7.0154
43868,43881,6.7756
43868,43904,7.41648
43868,43941,1.82303
43868,44048,4.81424
43870,43867,8.37314
43870,44002,11.2232
43870,44009,3.33806
43870,44070,4.44568
43873,43802,8.09104
43873,43819,10.1512
43873,43862,3.97661
43873,43936,3.64545
43873,43962,3.25921
43873,44058,4.65925
43875,43730,2.0818
43875,43808,2.87758
43875,43885,5.61258
43875,44090,9.30092
43879,43807,0.832656
43879,43809,5.52348
43879,43813,4.5664
43879,43880,8.80907
43879,43886,2.86781
43879,43887,3.62287
43880,43728,4.39468
43880,43806,4.05701
43880,43807,4.47312
43880,43879,8.80907
43880,43886,2.34538
43880,44091,3.47214
43881,43752,5.16305
43881,43868,6.7756
43881,43884,5.91949
43881,43941,3.70575
43881,44048,1.86278
43881,44049,5.09662
43881,44069,3.34711
43882,43734,1.92987
43882,43806,6.8612
43882,43807,8.809
43882,43889,8.37539
43884,43752,1.77998
43884,43881,5.91949
43884,43909,3.27873
43884,43944,7.26927
43884,44069,6.22634
43884,44079,4.77495
43885,43730,7.06363
43885,43732,4.72107
43885,43808,6.13176
43885,43875,5.61258
43886,43730,7.24214
43886,43732,3.14
43886,43809,8.6143
43886,43879,2.86781
43886,43880,2.34538
43886,44091,6.51599
43887,43733,4.27261
43887,43807,9.80522
43887,43813,4.38135
43887,43814,2.51953
43887,43879,3.62287
43887,43892,2.47992
43888,43744,2.92498
43888,43755,3.86248
43888,43797,3.97111
43888,43834,2.28515
43888,43909,5.95719
43888,44072,3.03463
43888,44079,3.87054
43888,44080,0.216069
43889,43734,9.2768
43889,43807,2.18379
43889,43814,4.6053
43889,43882,8.37539
43889,43895,5.37246
43890,43975,6.68248
43890,43984,5.28801
43890,44035,0.868875
43890,44039,7.13537
43890,44041,4.63662
43890,44071,3.97821
43891,43746,4.50006
43891,43796,3.44515
43891,43916,4.22857
43891,44073,4.12337
43891,44080,3.3584
43891,44081,5.60269
43892,43733,7.4032
43892,43814,8.73121
43892,43818,4.22731
43892,43887,2.47992
43892,43898,5.89342
43892,43907,2.24135
43893,43798,6.75625
43893,43919,0.914648
43893,43921,7.24515
43893,44081,5.24946
43893,44082,4.48798
43895,43734,3.98325
43895,43814,3.61247
43895,43818,8.48198
43895,43820,2.10523
43895,43889,5.37246
43895,43899,6.10667
43895,43900,2.61281
43897,43732,5.51985
43897,43816,3.32783
43897,43817,7.77601
43897,43903,6.43825
43897,43912,4.60701
43897,43914,1.97836
43898,43733,1.73535
43898,43738,3.8622
43898,43892,5.89342
43898,43907,7.44197
43898,43917,3.98269
43898,43918,5.79644
43899,43742,9.87452
43899,43820,5.30501
43899,43895,6.10667
43899,43900,7.21075
43900,43734,5.58041
43900,43740,7.61579
43900,43742,2.44004
43900,43895,2.61281
43900,43899,7.21075
43902,43739,3.33633
43902,43748,10.6976
43902,43815,6.15071
43902,43816,3.44903
43902,43903,4.1926
43902,43911,2.57071
43902,43933,3.21875
43903,43816,6.80842
43903,43897,6.43825
43903,43902,4.1926
43903,43911,6.73967
43903,43912,1.67952
43904,43864,0.517321
43904,43868,7.41648
43904,43939,5.17045
43904,43941,10.1556
43904,43963,3.85331
43904,44076,8.36189
43905,43737,2.70818
43905,43741,3.26969
43905,43745,3.50146
43905,43817,5.56352
43905,43914,7.26674
43905,43925,3.65455
43906,43769,8.98595
43906,43799,7.88677
43906,43915,0.699659
43906,43984,5.4935
43906,44046,3.18298
43906,44071,5.76611
43907,43818,4.38742
43907,43892,2.24135
43907,43898,7.44197
43907,43908,5.28132
43907,43918,3.92316
43907,43920,4.93527
43908,43749,2.69927
43908,43818,2.61271
43908,43820,7.62262
43908,43907,5.28132
43908,43920,3.90392
43909,43834,4.46427
43909,43884,3.27873
43909,43888,5.95719
43909,43944,3.57393
43909,43967,4.28922
43909,44079,4.53356
43911,43902,2.57071
43911,43903,6.73967
43911,43912,5.6781
43911,43933,3.72453
43911,43934,3.82056
43911,43943,2.80205
43912,43753,3.60317
43912,43897,4.60701
43912,43903,1.67952
43912,43911,5.6781
43912,43914,5.78386
43912,43934,2.9142
43912,43935,1.94047
43914,43817,3.43625
43914,43897,1.97836
43914,43905,7.26674
43914,43912,5.78386
43914,43925,1.94683
43914,43935,5.23028
43915,43769,6.33001
43915,43799,7.70359
43915,43822,3.21387
43915,43906,0.699659
43915,44075,4.19821
43915,44083,4.73382
43915,44084,5.97995
43916,43744,5.89123
43916,43746,2.8497
43916,43762,4.83795
43916,43891,4.22857
43916,43969,1.35598
43916,44080,3.59901
43917,43738,4.55302
43917,43741,4.79471
43917,43745,1.42491
43917,43750,4.46533
43917,43823,6.6976
43917,43898,3.98269
43917,43918,4.56168
43918,43750,5.49948
43918,43898,5.79644
43918,43907,3.92316
43918,43917,4.56168
43918,43920,3.58873
43918,43940,4.77073
43919,43746,5.11422
43919,43893,0.914648
43919,43921,3.64291
43919,43953,1.13741
43919,43971,5.2082
43919,44081,3.5372
43920,43749,3.12341
43920,43751,5.93071
43920,43907,4.93527
43920,43908,3.90392
43920,43918,3.58873
43920,43940,5.45825
43921,43826,0.659978
43921,43893,7.24515
43921,43919,3.64291
43921,43953,6.28367
43921,44082,4.32375
43923,43716,7.04799
43923,43822,2.94898
43923,43938,5.81485
43923,44002,3.08315
43923,44083,1.92685
43923,44084,6.08573
43924,43739,6.61934
43924,43748,3.44944
43924,43931,13.063
43924,43932,5.18241
43924,43950,3.37493
43925,43745,3.67052
43925,43905,3.65455
43925,43914,1.94683
43925,43935,4.99304
43925,43937,4.3824
43927,43765,5.21358
43927,43819,6.26702
43927,44074,7.01649
43928,43742,5.16035
43928,43749,7.57532
43928,43820,2.54176
43928,43929,6.22174
43928,43959,2.54658
43929,43742,5.35758
43929,43758,5.40959
43929,43928,6.22174
43929,43942,8.68861
43929,43959,4.40529
43931,43739,0.33906
43931,43829,3.86102
43931,43924,13.063
43931,43950,5.29992
43931,43960,5.48503
43932,43748,7.70137
43932,43924,5.18241
43932,43933,4.17429
43932,43950,8.17803
43932,43951,6.69569
43933,43748,5.67203
43933,43760,1.70311
43933,43902,3.21875
43933,43911,3.72453
43933,43932,4.17429
43933,43943,9.02456
43933,43951,1.7507
43934,43753,10.5013
43934,43911,3.82056
43934,43912,2.9142
43934,43943,6.91831
43934,43961,4.1837
43935,43753,6.52346
43935,43912,1.94047
43935,43914,5.23028
43935,43925,4.99304
43935,43937,1.37267
43935,43955,5.32058
43936,43802,5.61201
43936,43840,4.04179
43936,43873,3.64545
43936,43939,7.17772
43936,43962,9.04598
43936,43999,5.69154
43937,43745,1.67676
43937,43757,4.27657
43937,43823,3.74145
43937,43830,2.12661
43937,43925,4.3824
43937,43935,1.37267
43937,43955,6.6579
43938,43716,2.05084
43938,43822,1.89028
43938,43923,5.81485
43938,44053,4.01189
43938,44077,5.31737
43938,44078,6.06374
43939,43802,5.33966
43939,43840,3.43694
43939,43904,5.17045
43939,43936,7.17772
43939,43963,4.78896
43939,44059,3.7148
43939,44076,4.46794
43940,43718,5.32796
43940,43750,0.151955
43940,43751,6.79635
43940,43754,5.78792
43940,43918,4.77073
43940,43920,5.45825
43940,43958,5.85439
43941,43752,5.79455
43941,43868,1.82303
43941,43881,3.70575
43941,43904,10.1556
43941,43963,5.02253
43941,43986,8.39653
43942,43742,2.08633
43942,43758,1.37506
43942,43759,11.9988
43942,43821,10.3497
43942,43929,8.68861
43943,43760,4.13803
43943,43911,2.80205
43943,43933,9.02456
43943,43934,6.91831
43943,43961,3.96469
43944,43752,5.64775
43944,43842,4.76065
43944,43884,7.26927
43944,43909,3.57393
43944,43967,5.54289
43945,43716,5.41367
43945,43795,3.94018
43945,43954,7.07112
43945,44009,4.30292
43945,44078,7.84315
43950,43924,3.37493
43950,43931,5.29992
43950,43932,8.17803
43950,43951,5.81602
43950,43960,4.83115
43950,43972,5.81687
43951,43760,12.458
43951,43932,6.69569
43951,43933,1.7507
43951,43950,5.81602
43951,43972,3.32238
43951,43980,3.97235
43952,43803,5.71627
43952,43954,2.73344
43952,44009,6.9247
43952,44060,1.02037
43953,43826,7.54351
43953,43919,1.13741
43953,43921,6.28367
43953,43971,3.6047
43953,43990,2.08209
43954,43795,4.59978
43954,43803,5.21547
43954,43945,7.07112
43954,43952,2.73344
43954,44009,4.30582
43955,43753,1.06796
43955,43761,7.6965
43955,43830,3.33904
43955,43935,5.32058
43955,43937,6.6579
43955,43965,5.26035
43956,43750,1.00753
43956,43754,4.71382
43956,43757,1.73866
43956,43825,7.16635
43956,43958,2.26632
43956,43968,4.93645
43956,43974,6.60017
43958,43718,3.33598
43958,43754,5.70114
43958,43764,2.19351
43958,43835,7.78792
43958,43940,5.85439
43958,43956,2.26632
43958,43974,2.56197
43959,43749,3.20871
43959,43758,8.89317
43959,43828,10.6129
43959,43928,2.54658
43959,43929,4.40529
43959,43976,5.95042
43959,43978,1.88069
43960,43829,11.8444
43960,43931,5.48503
43960,43950,4.83115
43960,43972,8.84275
43960,43987,3.75823
43961,43720,4.85133
43961,43753,1.61856
43961,43760,2.66345
43961,43761,6.33375
43961,43832,12.3438
43961,43934,4.1837
43961,43943,3.96469
43962,43819,6.25628
43962,43873,3.25921
43962,43936,9.04598
43962,43981,2.90616
43962,43998,4.42761
43962,43999,2.34748
43963,43840,6.94059
43963,43904,3.85331
43963,43939,4.78896
43963,43941,5.02253
43963,43986,3.70515
43963,44022,5.25947
43965,43720,9.24165
43965,43761,3.64241
43965,43830,3.14928
43965,43955,5.26035
43965,43982,11.4233
43965,44000,2.77205
43966,43830,3.1097
43966,43845,4.13004
43966,43968,6.43313
43966,43982,2.51438
43967,43767,6.97935
43967,43834,2.19783
43967,43842,2.75331
43967,43909,4.28922
43967,43944,5.54289
43967,44003,3.9492
43968,43757,3.96637
43968,43830,1.75295
43968,43845,3.46484
43968,43956,4.93645
43968,43966,6.43313
43968,43974,3.15533
43968,43983,4.77731
43969,43722,0.692008
43969,43744,3.78448
43969,43755,4.24755
43969,43762,3.6752
43969,43916,1.35598
43969,43988,3.01812
43969,43989,4.53158
43969,44004,3.86014
43970,43758,4.96838
43970,43759,3.03921
43970,43838,9.08207
43970,43841,9.5098
43970,43847,6.40363
43971,43746,2.34773
43971,43762,3.37271
43971,43919,5.2082
43971,43953,3.6047
43971,43989,1.66651
43971,43990,7.44099
43971,44008,4.31287
43972,43849,7.97684
43972,43950,5.81687
43972,43951,3.32238
43972,43960,8.84275
43972,43980,9.87836
43972,43987,2.94332
43972,43997,0.809014
43973,43827,9.61661
43973,44011,1.62233
43973,44012,5.29857
43973,44014,6.45064
43974,43766,4.19961
43974,43835,4.50846
43974,43956,6.60017
43974,43958,2.56197
43974,43968,3.15533
43974,43983,5.29886
43975,43843,4.42088
43975,43890,6.68248
43975,43984,6.57535
43975,44035,12.6043
43976,43718,3.44225
43976,43721,4.09616
43976,43773,3.50663
43976,43828,5.7171
43976,43959,5.95042
43976,43978,8.20111
43976,43985,8.15675
43978,43721,3.58421
43978,43758,4.49949
43978,43841,10.8086
43978,43846,4.37886
43978,43959,1.88069
43978,43976,8.20111
43980,43760,1.15356
43980,43763,5.83106
43980,43852,5.20215
43980,43951,3.97235
43980,43972,9.87836
43980,43997,6.21477
43981,43765,10.9958
43981,43819,5.60665
43981,43962,2.90616
43981,43998,5.06583
43982,43768,5.99387
43982,43830,2.42012
43982,43845,4.43495
43982,43965,11.4233
43982,43966,2.51438
43982,44000,3.36706
43983,43766,4.18149
43983,43774,7.00587
43983,43775,2.12477
43983,43845,4.9304
43983,43968,4.77731
43983,43974,5.29886
43984,43769,0.715866
43984,43843,8.16077
43984,43890,5.28801
43984,43906,5.4935
43984,43975,6.57535
43984,44071,9.21099
43985,43718,3.55479
43985,43764,4.59236
43985,43773,3.9098
43985,43776,4.38746
43985,43976,8.15675
43985,44001,4.57091
43986,43752,2.80622
43986,43842,3.03879
43986,43850,3.91086
43986,43941,8.39653
43986,43963,3.70515
43986,44022,5.11014
43986,44023,0.901723
43986,44024,6.19838
43987,43829,0.811949
43987,43849,8.29257
43987,43960,3.75823
43987,43972,2.94332
43988,43755,0.930051
43988,43767,4.60356
43988,43834,4.69052
43988,43969,3.01812
43988,44004,6.50388
43988,44028,3.08708
43989,43722,3.16698
43989,43762,6.64663
43989,43859,4.13733
43989,43969,4.53158
43989,43971,1.66651
43989,44008,1.93528
43990,43787,2.08503
43990,43826,3.51366
43990,43953,2.08209
43990,43971,7.44099
43990,44008,2.91501
43990,44010,4.06232
43990,44011,1.40741
43991,43777,1.89403
43991,43778,5.21717
43991,43838,6.07714
43991,43847,6.86605
43993,43720,2.8981
43993,43832,8.57327
43993,43844,10.3479
43993,43855,5.79446
43993,43994,8.89856
43994,43720,7.42988
43994,43855,3.90178
43994,43993,8.89856
43994,44000,2.84785
43994,44005,4.09924
43996,43764,5.09699
43996,43766,4.89731
43996,43775,1.96235
43996,43853,4.96722
43996,44001,7.19168
43997,43786,2.0827
43997,43849,9.70445
43997,43852,8.72541
43997,43972,0.809014
43997,43980,6.21477
43997,44021,5.75072
43997,44031,3.3915
43998,43765,4.37212
43998,43962,4.42761
43998,43981,5.06583
43998,43999,8.94485
43998,44039,8.05814
43999,43840,4.56641
43999,43936,5.69154
43999,43962,2.34748
43999,43998,8.94485
43999,44022,3.09415
43999,44039,1.02842
43999,44041,4.92917
44000,43720,3.96033
44000,43768,4.83711
44000,43780,7.53066
44000,43965,2.77205
44000,43982,3.36706
44000,43994,2.84785
44000,44005,5.66795
44000,44006,5.37999
44001,43764,1.14872
44001,43776,6.32692
44001,43853,1.06285
44001,43856,6.30902
44001,43985,4.57091
44001,43996,7.19168
44002,43716,5.29843
44002,43870,11.2232
44002,43923,3.08315
44002,44009,5.85283
44002,44070,2.80554
44002,44083,6.43135
44003,43767,2.17751
44003,43842,4.55175
44003,43850,4.63165
44003,43967,3.9492
44003,44026,6.81542
44003,44046,2.4218
44004,43722,7.50753
44004,43969,3.86014
44004,43988,6.50388
44004,44028,1.48311
44004,44050,2.46227
44005,43780,7.75599
44005,43784,6.51978
44005,43855,3.97725
44005,43994,4.09924
44005,44000,5.66795
44005,44038,1.40548
44006,43768,6.22849
44006,43780,0.473729
44006,43845,0.58721
44006,43860,1.94977
44006,44000,5.37999
44006,44007,8.00474
44006,44033,4.80689
44007,43774,6.35126
44007,43845,1.76185
44007,43860,4.96243
44007,44006,8.00474
44007,44025,4.36133
44008,43859,7.11178
44008,43971,4.31287
44008,43989,1.93528
44008,43990,2.91501
44008,44010,4.16891
44008,44053,3.69883
44009,43716,2.67336
44009,43870,3.33806
44009,43945,4.30292
44009,43952,6.9247
44009,43954,4.30582
44009,44002,5.85283
44010,43787,6.60173
44010,43794,2.80578
44010,43990,4.06232
44010,44008,4.16891
44010,44053,1.85264
44011,43723,5.8511
44011,43787,7.76279
44011,43826,4.47902
44011,43827,11.7982
44011,43973,1.62233
44011,43990,1.40741
44011,44012,4.64209
44012,43723,8.65682
44012,43795,1.46282
44012,43803,5.96234
44012,43973,5.29857
44012,44011,4.64209
44012,44014,9.65795
44012,44060,2.25346
44013,43777,7.08231
44013,43785,6.8659
44013,43846,6.77346
44013,43847,2.39102
44013,44029,4.97072
44014,43771,3.30957
44014,43973,6.45064
44014,44012,9.65795
44014,44037,7.26159
44014,44060,0.451481
44019,43774,4.38399
44019,43775,3.84246
44019,43853,5.22761
44019,43861,6.39434
44019,44025,7.21204
44020,43777,6.59624
44020,43778,6.51433
44020,44029,5.67423
44020,44044,3.86305
44020,44054,5.03242
44020,44055,1.39861
44021,43725,3.59078
44021,43786,10.7014
44021,43849,4.00017
44021,43997,5.75072
44022,43840,5.6129
44022,43963,5.25947
44022,43986,5.11014
44022,43999,3.09415
44022,44023,8.27521
44022,44041,5.79518
44023,43791,3.04547
44023,43986,0.901723
44023,44022,8.27521
44023,44024,5.23752
44023,44041,6.01777
44023,44071,8.9541
44024,43791,4.93676
44024,43850,4.77892
44024,43986,6.19838
44024,44023,5.23752
44025,43774,2.5426
44025,43790,6.46477
44025,43860,1.78455
44025,43861,0.287805
44025,44007,4.36133
44025,44019,7.21204
44025,44040,4.79834
44026,43767,2.86386
44026,43799,5.01476
44026,44003,6.81542
44026,44028,6.50927
44026,44046,3.14601
44027,43773,0.473116
44027,43776,6.09835
44027,43782,8.32607
44027,43856,7.18571
44027,44034,6.39694
44027,44043,0.304114
44028,43767,3.97292
44028,43799,3.9588
44028,43988,3.08708
44028,44004,1.48311
44028,44026,6.50927
44028,44050,8.34966
44028,44075,0.965954
44029,43777,3.01077
44029,43785,5.89759
44029,43793,3.86757
44029,44013,4.97072
44029,44020,5.67423
44029,44055,5.90399
44031,43779,2.47116
44031,43786,8.90979
44031,43852,7.66957
44031,43862,2.88141
44031,43997,3.3915
44031,44045,7.24568
44031,44058,4.2403
44032,43779,4.90034
44032,43855,6.49937
44032,44045,7.36934
44032,44047,7.51049
44032,44059,4.81023
44033,43780,6.88073
44033,43860,7.07895
44033,44006,4.80689
44033,44048,4.42198
44033,44049,3.98871
44034,43856,1.38483
44034,44027,6.39694
44034,44042,6.47229
44034,44043,6.88725
44034,44063,4.44571
44035,43792,3.52705
44035,43824,4.9439
44035,43843,2.97855
44035,43890,0.868875
44035,43975,12.6043
44036,43782,6.6612
44036,43785,8.63526
44036,43793,4.99785
44036,43796,2.61728
44036,44043,3.65986
44037,43771,8.41558
44037,44014,7.26159
44037,44060,7.07612
44038,43780,2.56695
44038,43784,4.91849
44038,43864,4.86637
44038,44005,1.40548
44038,44047,2.12101
44038,44048,7.55698
44039,43765,2.99593
44039,43890,7.13537
44039,43998,8.05814
44039,43999,1.02842
44039,44041,10.4393
44040,43790,3.57219
44040,43861,6.76134
44040,44025,4.79834
44040,44051,3.14988
44040,44061,4.41034
44041,43890,4.63662
44041,43999,4.92917
44041,44022,5.79518
44041,44023,6.01777
44041,44039,10.4393
44041,44071,2.9831
44042,43724,9.1464
44042,43797,2.10616
44042,43856,4.21746
44042,44034,6.47229
44042,44051,3.51975
44042,44063,6.11236
44043,43782,4.63788
44043,43796,6.54146
44043,44027,0.304114
44043,44034,6.88725
44043,44036,3.65986
44043,44063,0.616472
44043,44073,3.96696
44044,43800,4.17264
44044,44020,3.86305
44044,44054,13.0059
44045,43779,7.1402
44045,43802,2.3667
44045,43862,7.56556
44045,44031,7.24568
44045,44032,7.36934
44045,44059,3.69486
44046,43791,6.66635
44046,43799,5.39406
44046,43850,5.29157
44046,43906,3.18298
44046,44003,2.4218
44046,44026,3.14601
44046,44071,1.02853
44047,43784,6.92937
44047,43855,1.82327
44047,43864,6.62152
44047,44032,7.51049
44047,44038,2.12101
44047,44059,7.1257
44047,44076,3.81924
44048,43780,3.66737
44048,43864,2.00519
44048,43868,4.81424
44048,43881,1.86278
44048,44033,4.42198
44048,44038,7.55698
44048,44049,6.1253
44049,43860,2.75987
44049,43865,4.01821
44049,43881,5.09662
44049,44033,3.98871
44049,44048,6.1253
44049,44069,6.51062
44050,43722,3.37438
44050,44004,2.46227
44050,44028,8.34966
44050,44075,7.24899
44051,43724,3.52116
44051,43797,7.50445
44051,43861,1.66243
44051,44040,3.14988
44051,44042,3.51975
44051,44061,3.84176
44052,43769,5.62506
44052,43792,5.08229
44052,43843,5.99814
44052,44070,8.30819
44052,44083,6.30828
44053,43794,5.75882
44053,43859,4.5639
44053,43938,4.01189
44053,44008,3.69883
44053,44010,1.85264
44053,44077,3.76645
44053,44078,2.45927
44054,43735,2.43405
44054,43800,4.24802
44054,44020,5.03242
44054,44044,13.0059
44054,44055,11.5822
44054,44082,2.67574
44055,43793,1.90827
44055,44020,1.39861
44055,44029,5.90399
44055,44054,11.5822
44055,44065,7.40373
44055,44082,4.63452
44058,43786,4.70361
44058,43819,1.18995
44058,43862,9.06073
44058,43873,4.65925
44058,44031,4.2403
44058,44068,9.92005
44059,43802,11.3938
44059,43939,3.7148
44059,44032,4.81023
44059,44045,3.69486
44059,44047,7.1257
44059,44076,6.22214
44060,43803,9.51615
44060,43952,1.02037
44060,44012,2.25346
44060,44014,0.451481
44060,44037,7.07612
44061,43790,3.48202
44061,43797,1.76252
44061,43865,2.10016
44061,44040,4.41034
44061,44051,3.84176
44061,44079,8.37735
44063,43797,1.71223
44063,44034,4.44571
44063,44042,6.11236
44063,44043,0.616472
44063,44072,4.40206
44063,44073,7.06188
44065,43793,5.27663
44065,43798,6.01375
44065,44055,7.40373
44065,44082,4.54577
44068,43725,8.27418
44068,43786,2.18505
44068,43819,6.93391
44068,44058,9.92005
44068,44074,4.13942
44069,43865,5.02671
44069,43881,3.34711
44069,43884,6.22634
44069,44049,6.51062
44069,44079,3.89871
44070,43792,3.51982
44070,43867,5.89549
44070,43870,4.44568
44070,44002,2.80554
44070,44052,8.30819
44070,44083,4.32655
44071,43791,6.08649
44071,43890,3.97821
44071,43906,5.76611
44071,43984,9.21099
44071,44023,8.9541
44071,44041,2.9831
44071,44046,1.02853
44072,43797,8.15243
44072,43888,3.03463
44072,44063,4.40206
44072,44073,0.858126
44072,44080,9.00497
44073,43796,5.16361
44073,43891,4.12337
44073,44043,3.96696
44073,44063,7.06188
44073,44072,0.858126
44073,44080,3.60143
44074,43725,7.21898
44074,43819,3.84752
44074,43927,7.01649
44074,44068,4.13942
44075,43722,2.00256
44075,43799,2.33493
44075,43822,6.8905
44075,43915,4.19821
44075,44028,0.965954
44075,44050,7.24899
44075,44077,1.42214
44076,43864,5.51587
44076,43904,8.36189
44076,43939,4.46794
44076,44047,3.81924
44076,44059,6.22214
44077,43722,6.79238
44077,43822,4.63327
44077,43859,3.75316
44077,43938,5.31737
44077,44053,3.76645
44077,44075,1.42214
44078,43716,2.97553
44078,43794,5.57345
44078,43795,1.02611
44078,43938,6.06374
44078,43945,7.84315
44078,44053,2.45927
44079,43797,3.71223
44079,43865,3.51598
44079,43884,4.77495
44079,43888,3.87054
44079,43909,4.53356
44079,44061,8.37735
44079,44069,3.89871
44080,43744,4.89093
44080,43888,0.216069
44080,43891,3.3584
44080,43916,3.59901
44080,44072,9.00497
44080,44073,3.60143
44081,43746,2.06557
44081,43796,4.80663
44081,43798,2.9556
44081,43891,5.60269
44081,43893,5.24946
44081,43919,3.5372
44082,43735,8.86345
44082,43798,1.42648
44082,43826,4.0946
44082,43893,4.48798
44082,43921,4.32375
44082,44054,2.67574
44082,44055,4.63452
44082,44065,4.54577
44083,43769,3.53574
44083,43915,4.73382
44083,43923,1.92685
44083,44002,6.43135
44083,44052,6.30828
44083,44070,4.32655
44083,44084,7.91223
44084,43822,3.14078
44084,43915,5.97995
44084,43923,6.08573
44084,44083,7.91223
44088,43728,7.34038
44088,43806,5.02672
44088,44090,6.03863
44088,44091,5.5063
44090,43730,5.15114
44090,43875,9.30092
44090,44088,6.03863
44090,44091,5.66095
44091,43728,7.38474
44091,43730,4.76154
44091,43880,3.47214
44091,43886,6.51599
44091,44088,5.5063
44091,44090,5.66095
