label, neighbor, wall area
4913,5086,5.95874
4913,5178,3.73474
4913,5189,2.44674
4922,5208,11.0761
4930,4959,4.11043
4930,4984,4.16798
4932,4973,6.14345
4932,4980,5.38393
4933,4937,0.885419
4933,5208,1.18734
4935,5032,1.3395
4935,5091,1.10835
4935,5216,3.83743
4935,5218,7.7686
4935,5247,6.64205
4935,5249,2.82841
4937,4933,0.885419
4937,4991,4.77888
4937,5088,6.7648
4937,5208,9.62721
4937,5224,5.17231
4939,4997,4.70811
4939,5083,1.71435
4939,5107,2.86036
4939,5222,9.01032
4939,5228,1.15848
4939,5235,5.11726
4944,4990,2.70096
4944,5100,6.29906
4944,5168,3.69968
4944,5169,5.65941
4944,5260,5.526
4944,5289,2.27234
4946,4998,4.32222
4946,5128,7.64375
4946,5132,3.70114
4946,5256,4.99788
4946,5276,3.54665
4948,4953,7.58765
4948,5011,6.41887
4948,5133,3.75287
4948,5136,2.6262
4948,5171,0.705135
4948,5293,4.85443
4952,5024,3.26614
4952,5025,6.32422
4952,5032,3.68301
4952,5135,2.31435
4952,5151,2.19574
4952,5276,5.73866
4952,5291,2.24086
4953,4948,7.58765
4953,5136,3.07269
4953,5151,3.26743
4953,5171,4.13959
4953,5306,5.77931
4954,4978,2.97728
4954,5056,5.66662
4954,5157,6.85658
4954,5239,3.61071
4955,5064,4.64154
4955,5068,2.20429
4955,5096,7.89929
4955,5131,6.52329
4955,5207,3.3357
4958,4959,3.01914
4958,4974,3.65968
4958,5146,1.51913
4958,5154,5.55826
4958,5295,4.22176
4958,5308,3.55462
4959,4930,4.11043
4959,4958,3.01914
4959,4974,3.52061
4959,4984,2.29167
4959,5154,4.35137
4964,5057,6.25456
4964,5171,1.71939
4964,5202,5.65262
4964,5293,2.75164
4964,5298,3.82218
4973,4932,6.14345
4973,4980,2.15459
4973,5201,8.96871
4973,5208,8.0621
4974,4958,3.65968
4974,4959,3.52061
4974,4984,6.11176
4974,5078,3.35719
4974,5094,2.81174
4974,5308,5.36575
4975,5074,6.73626
4975,5075,7.96507
4975,5076,3.62668
4975,5208,24.4546
4975,5214,1.62634
4978,4954,2.97728
4978,4979,5.35046
4978,5020,3.89992
4978,5027,6.66467
4978,5157,1.74125
4978,5239,3.23507
4979,4978,5.35046
4979,5020,3.27424
4979,5021,3.68611
4979,5096,8.36459
4979,5157,3.62059
4979,5177,2.11051
4980,4932,5.38393
4980,4973,2.15459
4980,4983,10.7
4980,5071,0.500109
4980,5201,0.958446
4980,5209,3.00905
4981,5065,2.89884
4981,5074,4.49459
4981,5208,5.39045
4981,5222,5.49577
4981,5227,6.19023
4981,5228,1.48842
4983,4980,10.7
4983,4988,6.53153
4983,5071,2.14358
4983,5089,9.78388
4984,4930,4.16798
4984,4959,2.29167
4984,4974,6.11176
4984,5094,2.66849
4984,5113,4.52505
4985,5030,4.58218
4985,5087,4.17019
4985,5141,2.35261
4985,5180,5.53147
4985,5233,5.97238
4986,5063,2.767
4986,5116,3.94457
4986,5165,2.16178
4986,5173,3.41831
4986,5188,4.95655
4986,5243,7.98627
4987,5170,4.40023
4987,5189,1.9535
4988,4983,6.53153
4988,4996,5.06153
4988,5071,3.9856
4988,5089,2.77668
4988,5102,3.11097
4988,5104,2.88494
4988,5220,5.16422
4989,5016,4.12699
4989,5053,9.67742
4989,5115,8.76019
4989,5119,0.972567
4989,5169,4.93263
4990,4944,2.70096
4990,5000,1.42992
4990,5046,6.97903
4990,5100,4.57538
4990,5212,4.16901
4990,5260,4.02806
4991,4937,4.77888
4991,5088,3.76158
4991,5224,1.55659
4991,5240,5.9307
4991,5250,4.35086
4992,5079,5.11616
4992,5098,6.33342
4992,5101,6.06174
4992,5155,2.07826
4992,5244,2.37195
4992,5292,5.71478
4994,4999,4.87578
4994,5219,0.908945
4994,5224,6.53499
4994,5237,5.84641
4994,5240,5.20103
4995,5089,3.63459
4995,5102,1.9518
4995,5254,8.37009
4996,4988,5.06153
4996,5097,7.71923
4996,5104,3.31711
4996,5106,3.47232
4996,5220,7.27509
4996,5227,0.132603
4997,4939,4.70811
4997,5107,5.78073
4997,5228,7.38741
4997,5245,5.10153
4997,5262,4.67461
4998,4946,4.32222
4998,5093,5.14876
4998,5128,2.09268
4998,5231,4.56895
4998,5248,4.94767
4998,5256,2.81195
4999,4994,4.87578
4999,5111,2.68351
4999,5117,2.80785
4999,5231,2.74047
4999,5237,5.35888
4999,5240,1.23702
4999,5248,2.8774
4999,5257,7.72871
5000,4990,1.42992
5000,5046,3.97093
5000,5175,1.68973
5000,5210,7.18989
5000,5259,5.24177
5000,5260,8.02979
5000,5289,2.06466
5003,5009,5.05487
5003,5022,3.66623
5003,5045,2.50217
5003,5099,6.56288
5003,5101,5.9002
5003,5155,1.31085
5003,5176,4.46157
5005,5108,3.92422
5005,5114,5.10131
5005,5127,6.06492
5005,5270,6.36851
5005,5274,2.60992
5006,5007,4.85323
5006,5139,6.45093
5006,5140,5.01166
5006,5146,3.02835
5006,5252,4.76386
5006,5253,3.20026
5006,5264,2.68113
5007,5006,4.85323
5007,5140,5.14927
5007,5253,5.24809
5008,5021,6.58562
5008,5092,1.77311
5008,5112,4.09791
5008,5200,1.07694
5008,5236,2.72687
5008,5265,5.20212
5009,5003,5.05487
5009,5022,5.04479
5009,5023,1.47639
5009,5031,9.04114
5009,5176,5.37797
5011,4948,6.41887
5011,5133,4.23844
5011,5134,8.68753
5011,5257,1.77459
5011,5293,0.618319
5012,5029,3.9937
5012,5035,4.71577
5012,5144,4.89202
5012,5207,2.61559
5012,5258,3.39735
5013,5015,1.96654
5013,5051,3.94989
5013,5060,7.90996
5013,5066,5.19116
5013,5125,5.86925
5014,5120,8.11841
5014,5121,3.63807
5014,5148,1.02568
5014,5281,6.42603
5014,5284,7.60711
5014,5285,0.88133
5015,5013,1.96654
5015,5066,5.48796
5015,5079,4.47404
5015,5125,3.15501
5015,5170,5.72758
5016,4989,4.12699
5016,5115,0.135039
5016,5119,5.92961
5016,5182,2.93982
5016,5241,6.63081
5016,5244,2.22633
5017,5142,4.50231
5017,5159,4.60615
5017,5267,3.20939
5017,5273,8.04845
5017,5303,8.3953
5019,5090,0.991234
5019,5138,5.66977
5019,5153,4.67974
5019,5172,5.40033
5019,5198,4.10234
5019,5232,3.30426
5019,5263,4.24046
5020,4978,3.89992
5020,4979,3.27424
5020,5021,3.45992
5020,5027,1.78283
5020,5265,6.68448
5020,5280,4.39799
5021,4979,3.68611
5021,5008,6.58562
5021,5020,3.45992
5021,5112,1.33776
5021,5130,3.2195
5021,5177,9.46079
5021,5265,2.92465
5022,5003,3.66623
5022,5009,5.04479
5022,5023,5.27247
5022,5045,6.84981
5022,5056,1.6054
5023,5009,1.47639
5023,5022,5.27247
5023,5031,4.66805
5023,5056,8.21773
5023,5144,6.64607
5023,5258,3.82441
5024,4952,3.26614
5024,5032,4.36754
5024,5196,7.15987
5024,5216,2.62043
5024,5290,2.7088
5024,5291,5.58784
5024,5305,4.75993
5025,4952,6.32422
5025,5032,4.55657
5025,5151,4.84051
5025,5181,3.89428
5025,5218,2.99418
5025,5306,2.77098
5026,5159,5.50049
5026,5173,2.69671
5026,5188,3.69421
5026,5190,6.02049
5026,5285,7.11087
5027,4978,6.66467
5027,5020,1.78283
5027,5061,4.8217
5027,5239,1.99813
5027,5279,2.36307
5027,5280,4.92687
5028,5048,2.13284
5028,5085,4.79401
5028,5160,5.22736
5028,5167,2.87499
5028,5212,9.08195
5028,5296,6.02128
5029,5012,3.9937
5029,5064,1.7442
5029,5207,4.49921
5030,4985,4.58218
5030,5051,3.16641
5030,5060,5.97301
5030,5141,7.62053
5030,5180,2.02118
5030,5304,3.2183
5031,5009,9.04114
5031,5023,4.66805
5031,5069,10.8208
5031,5086,0.781789
5031,5144,4.9918
5031,5176,4.02529
5032,4935,1.3395
5032,4952,3.68301
5032,5024,4.36754
5032,5025,4.55657
5032,5216,7.09282
5032,5218,3.59626
5035,5012,4.71577
5035,5069,3.50487
5035,5144,5.97353
5039,5105,3.88348
5039,5109,7.01751
5039,5164,10.4885
5039,5186,3.28002
5039,5272,5.38271
5039,5286,4.03674
5045,5003,2.50217
5045,5022,6.84981
5045,5056,4.61075
5045,5099,4.14212
5045,5129,6.59517
5045,5239,2.22561
5046,4990,6.97903
5046,5000,3.97093
5046,5167,3.62998
5046,5175,6.68603
5046,5212,3.33605
5048,5028,2.13284
5048,5072,4.40744
5048,5085,3.83799
5048,5196,3.23619
5048,5213,2.71692
5048,5296,4.02331
5048,5305,8.79318
5051,5013,3.94989
5051,5030,3.16641
5051,5060,2.31371
5051,5162,5.44218
5051,5304,3.90938
5053,4989,9.67742
5053,5119,3.45218
5053,5152,5.66192
5053,5169,0.957338
5053,5198,7.09738
5053,5275,3.78725
5056,4954,5.66662
5056,5022,1.6054
5056,5023,8.21773
5056,5045,4.61075
5056,5157,1.63805
5056,5239,3.88973
5056,5258,2.17312
5057,4964,6.25456
5057,5171,3.64039
5057,5200,4.79389
5057,5202,0.913029
5057,5236,5.19667
5060,5013,7.90996
5060,5030,5.97301
5060,5051,2.31371
5060,5066,1.13232
5060,5180,2.0674
5061,5027,4.8217
5061,5129,1.20338
5061,5156,2.27926
5061,5204,4.61471
5061,5239,5.82169
5061,5279,2.02195
5063,4986,2.767
5063,5165,5.85792
5063,5243,2.19687
5064,4955,4.64154
5064,5029,1.7442
5064,5131,2.66669
5064,5207,4.80121
5065,4981,2.89884
5065,5071,3.46918
5065,5208,9.03146
5065,5209,3.34942
5065,5227,3.41824
5066,5013,5.19116
5066,5015,5.48796
5066,5060,1.13232
5066,5079,1.17896
5066,5098,2.7257
5066,5180,8.47034
5068,4955,2.20429
5068,5070,5.70866
5068,5096,2.22387
5068,5131,2.57079
5068,5143,3.15506
5068,5177,9.05969
5069,5031,10.8208
5069,5035,3.50487
5069,5086,6.29716
5069,5144,2.01877
5070,5068,5.70866
5070,5131,6.87455
5070,5143,3.20307
5070,5297,3.1526
5071,4980,0.500109
5071,4983,2.14358
5071,4988,3.9856
5071,5065,3.46918
5071,5209,10.3902
5071,5220,5.75242
5071,5227,2.8505
5072,5048,4.40744
5072,5085,6.38388
5072,5126,3.89005
5072,5213,4.17602
5074,4975,6.73626
5074,4981,4.49459
5074,5208,7.95152
5074,5214,9.72772
5074,5222,4.77605
5075,4975,7.96507
5075,5076,5.69414
5075,5083,5.60131
5075,5214,3.34214
5076,4975,3.62668
5076,5075,5.69414
5076,5083,2.89041
5076,5203,4.99639
5076,5208,5.61296
5076,5217,2.62674
5076,5229,5.1324
5076,5230,2.02598
5077,5105,2.94071
5077,5299,4.03382
5078,4974,3.35719
5078,5094,6.54115
5078,5112,4.21696
5078,5130,2.54871
5078,5202,5.61131
5078,5307,3.00632
5078,5308,1.89531
5079,4992,5.11616
5079,5015,4.47404
5079,5066,1.17896
5079,5098,6.77222
5079,5155,4.67057
5079,5170,10.866
5080,5186,5.8029
5080,5193,4.61013
5080,5221,1.07606
5080,5225,1.66852
5080,5277,4.90229
5080,5278,6.12578
5080,5301,2.8263
5081,5208,7.29548
5081,5219,8.85362
5081,5223,5.87577
5081,5231,4.74029
5081,5237,3.38841
5083,4939,1.71435
5083,5075,5.60131
5083,5076,2.89041
5083,5214,5.97462
5083,5222,2.01567
5083,5229,5.07263
5083,5235,9.05891
5084,5141,5.79704
5084,5174,5.12354
5084,5225,4.12427
5084,5255,1.82107
5084,5278,6.13391
5085,5028,4.79401
5085,5048,3.83799
5085,5072,6.38388
5085,5100,4.09569
5085,5126,1.027
5085,5212,4.41654
5085,5275,3.83177
5086,4913,5.95874
5086,5031,0.781789
5086,5069,6.29716
5086,5176,6.36263
5086,5178,0.456388
5087,4985,4.17019
5087,5098,4.43251
5087,5180,3.02904
5087,5233,2.4899
5087,5241,4.24229
5087,5292,6.18227
5088,4937,6.7648
5088,4991,3.76158
5088,5242,8.14044
5088,5250,2.20666
5089,4983,9.78388
5089,4988,2.77668
5089,4995,3.63459
5089,5102,7.75359
5090,5019,0.991234
5090,5172,3.62118
5090,5204,3.92774
5090,5232,5.25925
5090,5287,6.10652
5091,4935,1.10835
5091,5181,2.0436
5091,5218,4.92462
5091,5234,8.46976
5091,5249,5.58846
5091,5280,0.42454
5092,5008,1.77311
5092,5181,3.43904
5092,5200,9.23728
5092,5234,5.64597
5092,5265,3.72933
5092,5306,1.00105
5093,4998,5.14876
5093,5211,1.15822
5093,5217,4.30673
5093,5223,5.01568
5093,5230,4.34824
5093,5231,3.04488
5093,5246,3.22248
5093,5256,3.45752
5094,4974,2.81174
5094,4984,2.66849
5094,5078,6.54115
5094,5113,3.88074
5094,5130,4.43259
5094,5268,4.4363
5096,4955,7.89929
5096,4979,8.36459
5096,5068,2.22387
5096,5157,3.89793
5096,5177,2.85478
5096,5207,3.41331
5097,4996,7.71923
5097,5106,5.79026
5097,5227,6.36705
5097,5228,1.95435
5097,5245,6.15312
5098,4992,6.33342
5098,5066,2.7257
5098,5079,6.77222
5098,5087,4.43251
5098,5180,3.15308
5098,5292,1.64781
5099,5003,6.56288
5099,5045,4.14212
5099,5101,4.72747
5099,5129,2.76968
5099,5182,2.09539
5099,5244,2.39737
5099,5287,9.15179
5100,4944,6.29906
5100,4990,4.57538
5100,5085,4.09569
5100,5152,5.33115
5100,5169,0.0708169
5100,5212,4.25885
5100,5275,2.60487
5101,4992,6.06174
5101,5003,5.9002
5101,5099,4.72747
5101,5155,5.5426
5101,5244,4.2449
5102,4988,3.11097
5102,4995,1.9518
5102,5089,7.75359
5102,5104,8.07536
5102,5254,3.41581
5104,4988,2.88494
5104,4996,3.31711
5104,5102,8.07536
5104,5106,2.80756
5104,5121,2.74289
5104,5122,8.41473
5104,5254,1.72313
5105,5039,3.88348
5105,5077,2.94071
5105,5109,6.55695
5105,5164,2.52868
5105,5299,0.570727
5105,5300,5.36369
5106,4996,3.47232
5106,5097,5.79026
5106,5104,2.80756
5106,5122,2.83714
5106,5123,3.26153
5106,5245,3.84017
5106,5261,3.44162
5107,4939,2.86036
5107,4997,5.78073
5107,5114,8.15712
5107,5235,3.63308
5107,5262,2.8257
5108,5005,3.92422
5108,5114,2.9783
5108,5127,3.88268
5108,5229,7.84673
5108,5235,6.24951
5108,5246,3.99516
5109,5039,7.01751
5109,5105,6.55695
5109,5186,3.51037
5109,5195,2.16356
5109,5221,2.1522
5109,5277,9.35016
5109,5300,5.16353
5111,4999,2.68351
5111,5117,9.96892
5111,5240,4.85297
5111,5250,4.77298
5111,5264,2.81464
5112,5008,4.09791
5112,5021,1.33776
5112,5078,4.21696
5112,5130,6.63757
5112,5202,2.89864
5112,5236,4.96134
5113,4984,4.52505
5113,5094,3.88074
5113,5268,5.19308
5114,5005,5.10131
5114,5107,8.15712
5114,5108,2.9783
5114,5235,3.95869
5114,5262,5.40075
5114,5270,5.20798
5115,4989,8.76019
5115,5016,0.135039
5115,5168,3.64159
5115,5169,3.37726
5115,5174,7.00893
5115,5241,6.40607
5115,5255,4.45731
5116,4986,3.94457
5116,5164,0.961486
5116,5188,2.58451
5116,5226,5.3405
5116,5243,3.63978
5116,5271,4.45975
5116,5272,7.56769
5116,5299,2.54158
5117,4999,2.80785
5117,5111,9.96892
5117,5134,6.35335
5117,5137,3.44674
5117,5257,3.62748
5117,5264,3.17623
5119,4989,0.972567
5119,5016,5.92961
5119,5053,3.45218
5119,5182,3.37825
5119,5198,3.96069
5119,5232,4.23971
5120,5014,8.11841
5120,5121,1.51725
5120,5254,7.83463
5121,5014,3.63807
5121,5104,2.74289
5121,5120,1.51725
5121,5122,0.583807
5121,5254,7.67719
5121,5266,8.85549
5121,5281,2.29367
5122,5104,8.41473
5122,5106,2.83714
5122,5121,0.583807
5122,5123,7.08317
5122,5266,6.03718
5122,5273,2.41156
5123,5106,3.26153
5123,5122,7.08317
5123,5261,3.34471
5123,5267,5.93127
5123,5273,2.41721
5125,5013,5.86925
5125,5015,3.15501
5126,5072,3.89005
5126,5085,1.027
5126,5153,4.19804
5126,5213,4.03212
5126,5263,3.25776
5126,5275,8.84052
5127,5005,6.06492
5127,5108,3.88268
5127,5132,6.58455
5127,5135,1.80542
5127,5246,5.54995
5127,5274,5.7861
5128,4946,7.64375
5128,4998,2.09268
5128,5133,4.00761
5128,5136,3.64931
5128,5248,3.26826
5128,5257,2.722
5128,5276,2.63895
5129,5045,6.59517
5129,5061,1.20338
5129,5099,2.76968
5129,5204,7.47944
5129,5239,4.03115
5129,5287,3.18048
5130,5021,3.2195
5130,5078,2.54871
5130,5094,4.43259
5130,5112,6.63757
5130,5143,4.94386
5130,5177,4.12359
5130,5268,2.57818
5131,4955,6.52329
5131,5064,2.66669
5131,5068,2.57079
5131,5070,6.87455
5132,4946,3.70114
5132,5127,6.58455
5132,5135,5.33844
5132,5246,2.59213
5132,5256,3.69479
5132,5276,4.43879
5133,4948,3.75287
5133,5011,4.23844
5133,5128,4.00761
5133,5136,5.43016
5133,5257,7.49638
5134,5011,8.68753
5134,5117,6.35335
5134,5137,3.90373
5134,5145,3.35459
5134,5257,2.13252
5134,5293,2.42004
5135,4952,2.31435
5135,5127,1.80542
5135,5132,5.33844
5135,5274,3.28776
5135,5276,4.18442
5135,5291,7.50927
5136,4948,2.6262
5136,4953,3.07269
5136,5128,3.64931
5136,5133,5.43016
5136,5151,7.50875
5136,5276,3.40741
5137,5117,3.44674
5137,5134,3.90373
5137,5139,1.43112
5137,5145,6.62914
5137,5264,4.01401
5138,5019,5.66977
5138,5156,2.49891
5138,5172,6.06531
5138,5215,3.44135
5138,5247,5.65186
5138,5263,2.71777
5139,5006,6.45093
5139,5137,1.43112
5139,5145,3.65396
5139,5146,0.35835
5139,5264,5.56528
5139,5294,3.01264
5139,5295,4.6908
5140,5006,5.01166
5140,5007,5.14927
5140,5146,4.81759
5140,5147,6.17532
5140,5154,0.849397
5141,4985,2.35261
5141,5030,7.62053
5141,5084,5.79704
5141,5174,1.68761
5141,5225,2.77206
5141,5233,3.89526
5141,5304,2.25213
5142,5017,4.50231
5142,5261,3.71758
5142,5267,5.42488
5142,5269,3.29417
5142,5288,9.37858
5142,5303,1.26187
5143,5068,3.15506
5143,5070,3.20307
5143,5130,4.94386
5143,5177,3.64319
5143,5268,2.7189
5143,5297,7.42757
5144,5012,4.89202
5144,5023,6.64607
5144,5031,4.9918
5144,5035,5.97353
5144,5069,2.01877
5144,5258,2.25257
5145,5134,3.35459
5145,5137,6.62914
5145,5139,3.65396
5145,5293,5.17992
5145,5294,3.08677
5145,5298,4.53917
5146,4958,1.51913
5146,5006,3.02835
5146,5139,0.35835
5146,5140,4.81759
5146,5154,3.20131
5146,5295,6.58788
5147,5140,6.17532
5147,5154,4.27289
5148,5014,1.02568
5148,5165,4.01778
5148,5284,9.21489
5150,5160,1.28236
5150,5270,4.479
5150,5274,2.47533
5150,5283,5.80922
5150,5290,2.66529
5150,5296,7.01936
5150,5305,5.08769
5151,4952,2.19574
5151,4953,3.26743
5151,5025,4.84051
5151,5136,7.50875
5151,5276,4.53314
5151,5306,2.86036
5152,5053,5.66192
5152,5100,5.33115
5152,5169,8.43423
5152,5275,6.55211
5153,5019,4.67974
5153,5126,4.19804
5153,5198,6.36149
5153,5263,2.38385
5153,5275,2.24124
5154,4958,5.55826
5154,4959,4.35137
5154,5140,0.849397
5154,5146,3.20131
5154,5147,4.27289
5155,4992,2.07826
5155,5003,1.31085
5155,5079,4.67057
5155,5101,5.5426
5155,5176,4.2095
5155,5178,7.15812
5156,5061,2.27926
5156,5138,2.49891
5156,5172,4.78496
5156,5204,3.91127
5156,5247,2.36037
5156,5279,8.11867
5157,4954,6.85658
5157,4978,1.74125
5157,4979,3.62059
5157,5056,1.63805
5157,5096,3.89793
5157,5207,2.52113
5157,5258,4.86519
5159,5017,4.60615
5159,5026,5.50049
5159,5190,1.64323
5159,5192,4.27948
5159,5273,3.38434
5159,5281,5.99531
5159,5285,2.22003
5159,5303,1.26444
5160,5028,5.22736
5160,5150,1.28236
5160,5167,3.35043
5160,5282,6.98395
5160,5283,3.36567
5160,5296,5.01864
5162,5051,5.44218
5162,5195,5.3573
5162,5221,3.59023
5162,5304,8.55088
5164,5039,10.4885
5164,5105,2.52868
5164,5116,0.961486
5164,5272,2.58098
5164,5299,11.1391
5165,4986,2.16178
5165,5063,5.85792
5165,5148,4.01778
5165,5173,8.28987
5165,5284,3.19841
5167,5028,2.87499
5167,5046,3.62998
5167,5160,3.35043
5167,5175,3.62506
5167,5212,2.7139
5167,5282,1.29157
5167,5288,6.42896
5167,5303,2.23877
5168,4944,3.69968
5168,5115,3.64159
5168,5169,6.91664
5168,5193,6.64515
5168,5255,2.3101
5168,5289,3.64879
5169,4944,5.65941
5169,4989,4.93263
5169,5053,0.957338
5169,5100,0.0708169
5169,5115,3.37726
5169,5152,8.43423
5169,5168,6.91664
5170,4987,4.40023
5170,5015,5.72758
5170,5079,10.866
5170,5178,3.00605
5170,5189,5.28569
5171,4948,0.705135
5171,4953,4.13959
5171,4964,1.71939
5171,5057,3.64039
5171,5200,3.20052
5171,5293,7.29568
5171,5306,5.67488
5172,5019,5.40033
5172,5090,3.62118
5172,5138,6.06531
5172,5156,4.78496
5172,5204,5.82373
5173,4986,3.41831
5173,5026,2.69671
5173,5165,8.28987
5173,5188,7.38798
5173,5284,0.803373
5173,5285,4.31934
5174,5084,5.12354
5174,5115,7.00893
5174,5141,1.68761
5174,5233,5.19701
5174,5241,1.02632
5174,5255,5.27032
5175,5000,1.68973
5175,5046,6.68603
5175,5167,3.62506
5175,5210,5.30987
5175,5303,8.05574
5176,5003,4.46157
5176,5009,5.37797
5176,5031,4.02529
5176,5086,6.36263
5176,5155,4.2095
5176,5178,5.47874
5177,4979,2.11051
5177,5021,9.46079
5177,5068,9.05969
5177,5096,2.85478
5177,5130,4.12359
5177,5143,3.64319
5178,4913,3.73474
5178,5086,0.456388
5178,5155,7.15812
5178,5170,3.00605
5178,5176,5.47874
5178,5189,5.19329
5180,4985,5.53147
5180,5030,2.02118
5180,5060,2.0674
5180,5066,8.47034
5180,5087,3.02904
5180,5098,3.15308
5181,5025,3.89428
5181,5091,2.0436
5181,5092,3.43904
5181,5218,5.53635
5181,5234,2.93898
5181,5306,9.46721
5182,5016,2.93982
5182,5099,2.09539
5182,5119,3.37825
5182,5232,2.43519
5182,5244,7.74576
5182,5287,3.38712
5186,5039,3.28002
5186,5080,5.8029
5186,5109,3.51037
5186,5277,3.882
5186,5286,4.96351
5186,5301,5.14967
5188,4986,4.95655
5188,5026,3.69421
5188,5116,2.58451
5188,5173,7.38798
5188,5190,3.76822
5188,5226,3.92924
5189,4913,2.44674
5189,4987,1.9535
5189,5170,5.28569
5189,5178,5.19329
5190,5026,6.02049
5190,5159,1.64323
5190,5188,3.76822
5190,5192,10.3184
5190,5226,4.28197
5192,5159,4.27948
5192,5190,10.3184
5192,5210,9.53078
5192,5226,2.55736
5192,5303,5.07639
5193,5080,4.61013
5193,5168,6.64515
5193,5255,4.79574
5193,5278,1.04164
5193,5289,3.12177
5193,5301,3.55172
5195,5109,2.16356
5195,5162,5.3573
5195,5221,7.97128
5195,5300,7.20035
5196,5024,7.15987
5196,5048,3.23619
5196,5213,5.23714
5196,5215,4.31704
5196,5216,3.3252
5196,5305,2.3357
5198,5019,4.10234
5198,5053,7.09738
5198,5119,3.96069
5198,5153,6.36149
5198,5232,4.04208
5198,5275,2.40761
5200,5008,1.07694
5200,5057,4.79389
5200,5092,9.23728
5200,5171,3.20052
5200,5236,4.66258
5200,5306,2.49708
5201,4973,8.96871
5201,4980,0.958446
5201,5208,7.06126
5201,5209,8.52924
5202,4964,5.65262
5202,5057,0.913029
5202,5078,5.61131
5202,5112,2.89864
5202,5236,3.42247
5202,5298,1.87318
5202,5307,4.43027
5203,5076,4.99639
5203,5208,12.0272
5203,5211,3.84068
5203,5217,6.74529
5204,5061,4.61471
5204,5090,3.92774
5204,5129,7.47944
5204,5156,3.91127
5204,5172,5.82373
5204,5287,1.44185
5207,4955,3.3357
5207,5012,2.61559
5207,5029,4.49921
5207,5064,4.80121
5207,5096,3.41331
5207,5157,2.52113
5207,5258,7.41609
5208,4922,11.0761
5208,4933,1.18734
5208,4937,9.62721
5208,4973,8.0621
5208,4975,24.4546
5208,4981,5.39045
5208,5065,9.03146
5208,5074,7.95152
5208,5076,5.61296
5208,5081,7.29548
5208,5201,7.06126
5208,5203,12.0272
5208,5209,4.93634
5208,5211,5.97596
5208,5219,14.8072
5208,5223,3.59331
5208,5224,7.65649
5209,4980,3.00905
5209,5065,3.34942
5209,5071,10.3902
5209,5201,8.52924
5209,5208,4.93634
5210,5000,7.18989
5210,5175,5.30987
5210,5192,9.53078
5210,5226,2.76123
5210,5259,4.9675
5210,5303,2.49744
5211,5093,1.15822
5211,5203,3.84068
5211,5208,5.97596
5211,5217,4.24086
5211,5223,7.46646
5212,4990,4.16901
5212,5028,9.08195
5212,5046,3.33605
5212,5085,4.41654
5212,5100,4.25885
5212,5167,2.7139
5213,5048,2.71692
5213,5072,4.17602
5213,5126,4.03212
5213,5196,5.23714
5213,5215,3.38046
5213,5263,7.36943
5214,4975,1.62634
5214,5074,9.72772
5214,5075,3.34214
5214,5083,5.97462
5214,5222,2.77718
5215,5138,3.44135
5215,5196,4.31704
5215,5213,3.38046
5215,5216,6.93044
5215,5247,4.37087
5215,5263,3.32783
5216,4935,3.83743
5216,5024,2.62043
5216,5032,7.09282
5216,5196,3.3252
5216,5215,6.93044
5216,5247,2.01652
5217,5076,2.62674
5217,5093,4.30673
5217,5203,6.74529
5217,5211,4.24086
5217,5230,9.14931
5218,4935,7.7686
5218,5025,2.99418
5218,5032,3.59626
5218,5091,4.92462
5218,5181,5.53635
5219,4994,0.908945
5219,5081,8.85362
5219,5208,14.8072
5219,5224,5.25407
5219,5237,2.97846
5220,4988,5.16422
5220,4996,7.27509
5220,5071,5.75242
5220,5227,2.87176
5221,5080,1.07606
5221,5109,2.1522
5221,5162,3.59023
5221,5195,7.97128
5221,5225,9.49598
5221,5277,4.00466
5221,5304,1.01147
5222,4939,9.01032
5222,4981,5.49577
5222,5074,4.77605
5222,5083,2.01567
5222,5214,2.77718
5222,5228,4.21888
5223,5081,5.87577
5223,5093,5.01568
5223,5208,3.59331
5223,5211,7.46646
5223,5231,4.12073
5224,4937,5.17231
5224,4991,1.55659
5224,4994,6.53499
5224,5208,7.65649
5224,5219,5.25407
5224,5240,3.7039
5225,5080,1.66852
5225,5084,4.12427
5225,5141,2.77206
5225,5221,9.49598
5225,5278,6.21259
5225,5304,5.89985
5226,5116,5.3405
5226,5188,3.92924
5226,5190,4.28197
5226,5192,2.55736
5226,5210,2.76123
5226,5259,4.14247
5226,5272,4.65961
5226,5286,2.11191
5227,4981,6.19023
5227,4996,0.132603
5227,5065,3.41824
5227,5071,2.8505
5227,5097,6.36705
5227,5220,2.87176
5227,5228,5.58449
5228,4939,1.15848
5228,4981,1.48842
5228,4997,7.38741
5228,5097,1.95435
5228,5222,4.21888
5228,5227,5.58449
5228,5245,2.9989
5229,5076,5.1324
5229,5083,5.07263
5229,5108,7.84673
5229,5230,7.1593
5229,5235,0.233514
5229,5246,4.86236
5230,5076,2.02598
5230,5093,4.34824
5230,5217,9.14931
5230,5229,7.1593
5230,5246,3.76125
5231,4998,4.56895
5231,4999,2.74047
5231,5081,4.74029
5231,5093,3.04488
5231,5223,4.12073
5231,5237,3.78104
5231,5248,4.91597
5232,5019,3.30426
5232,5090,5.25925
5232,5119,4.23971
5232,5182,2.43519
5232,5198,4.04208
5232,5287,3.3911
5233,4985,5.97238
5233,5087,2.4899
5233,5141,3.89526
5233,5174,5.19701
5233,5241,5.06346
5234,5091,8.46976
5234,5092,5.64597
5234,5181,2.93898
5234,5265,5.07695
5234,5280,3.48208
5235,4939,5.11726
5235,5083,9.05891
5235,5107,3.63308
5235,5108,6.24951
5235,5114,3.95869
5235,5229,0.233514
5236,5008,2.72687
5236,5057,5.19667
5236,5112,4.96134
5236,5200,4.66258
5236,5202,3.42247
5237,4994,5.84641
5237,4999,5.35888
5237,5081,3.38841
5237,5219,2.97846
5237,5231,3.78104
5239,4954,3.61071
5239,4978,3.23507
5239,5027,1.99813
5239,5045,2.22561
5239,5056,3.88973
5239,5061,5.82169
5239,5129,4.03115
5240,4991,5.9307
5240,4994,5.20103
5240,4999,1.23702
5240,5111,4.85297
5240,5224,3.7039
5240,5250,4.62629
5241,5016,6.63081
5241,5087,4.24229
5241,5115,6.40607
5241,5174,1.02632
5241,5233,5.06346
5241,5244,1.4368
5241,5292,4.93173
5242,5088,8.14044
5242,5250,3.14135
5242,5252,5.04454
5242,5253,4.53276
5243,4986,7.98627
5243,5063,2.19687
5243,5116,3.63978
5243,5271,5.92442
5244,4992,2.37195
5244,5016,2.22633
5244,5099,2.39737
5244,5101,4.2449
5244,5182,7.74576
5244,5241,1.4368
5244,5292,5.54904
5245,4997,5.10153
5245,5097,6.15312
5245,5106,3.84017
5245,5228,2.9989
5245,5261,5.45374
5245,5262,4.57513
5246,5093,3.22248
5246,5108,3.99516
5246,5127,5.54995
5246,5132,2.59213
5246,5229,4.86236
5246,5230,3.76125
5246,5256,8.59955
5247,4935,6.64205
5247,5138,5.65186
5247,5156,2.36037
5247,5215,4.37087
5247,5216,2.01652
5247,5249,2.69844
5247,5279,3.2265
5248,4998,4.94767
5248,4999,2.8774
5248,5128,3.26826
5248,5231,4.91597
5248,5257,3.09222
5249,4935,2.82841
5249,5091,5.58846
5249,5247,2.69844
5249,5279,5.34969
5249,5280,5.47396
5250,4991,4.35086
5250,5088,2.20666
5250,5111,4.77298
5250,5240,4.62629
5250,5242,3.14135
5250,5252,6.71385
5250,5264,2.77309
5252,5006,4.76386
5252,5242,5.04454
5252,5250,6.71385
5252,5253,7.2945
5252,5264,7.22118
5253,5006,3.20026
5253,5007,5.24809
5253,5242,4.53276
5253,5252,7.2945
5254,4995,8.37009
5254,5102,3.41581
5254,5104,1.72313
5254,5120,7.83463
5254,5121,7.67719
5255,5084,1.82107
5255,5115,4.45731
5255,5168,2.3101
5255,5174,5.27032
5255,5193,4.79574
5255,5278,5.17418
5256,4946,4.99788
5256,4998,2.81195
5256,5093,3.45752
5256,5132,3.69479
5256,5246,8.59955
5257,4999,7.72871
5257,5011,1.77459
5257,5117,3.62748
5257,5128,2.722
5257,5133,7.49638
5257,5134,2.13252
5257,5248,3.09222
5258,5012,3.39735
5258,5023,3.82441
5258,5056,2.17312
5258,5144,2.25257
5258,5157,4.86519
5258,5207,7.41609
5259,5000,5.24177
5259,5210,4.9675
5259,5226,4.14247
5259,5286,7.75652
5259,5289,1.98331
5259,5301,2.9333
5260,4944,5.526
5260,4990,4.02806
5260,5000,8.02979
5260,5289,4.63375
5261,5106,3.44162
5261,5123,3.34471
5261,5142,3.71758
5261,5245,5.45374
5261,5262,2.23112
5261,5267,5.13586
5261,5269,3.65149
5262,4997,4.67461
5262,5107,2.8257
5262,5114,5.40075
5262,5245,4.57513
5262,5261,2.23112
5262,5269,7.95485
5262,5270,0.142526
5262,5283,5.84043
5263,5019,4.24046
5263,5126,3.25776
5263,5138,2.71777
5263,5153,2.38385
5263,5213,7.36943
5263,5215,3.32783
5264,5006,2.68113
5264,5111,2.81464
5264,5117,3.17623
5264,5137,4.01401
5264,5139,5.56528
5264,5250,2.77309
5264,5252,7.22118
5265,5008,5.20212
5265,5020,6.68448
5265,5021,2.92465
5265,5092,3.72933
5265,5234,5.07695
5265,5280,1.39166
5266,5121,8.85549
5266,5122,6.03718
5266,5273,4.88149
5266,5281,4.16754
5267,5017,3.20939
5267,5123,5.93127
5267,5142,5.42488
5267,5261,5.13586
5267,5273,3.66321
5268,5094,4.4363
5268,5113,5.19308
5268,5130,2.57818
5268,5143,2.7189
5268,5297,5.59076
5269,5142,3.29417
5269,5261,3.65149
5269,5262,7.95485
5269,5282,2.86868
5269,5283,3.03248
5269,5288,2.61613
5270,5005,6.36851
5270,5114,5.20798
5270,5150,4.479
5270,5262,0.142526
5270,5274,4.94507
5270,5283,6.18821
5271,5116,4.45975
5271,5243,5.92442
5271,5299,9.65899
5272,5039,5.38271
5272,5116,7.56769
5272,5164,2.58098
5272,5226,4.65961
5272,5286,5.3938
5273,5017,8.04845
5273,5122,2.41156
5273,5123,2.41721
5273,5159,3.38434
5273,5266,4.88149
5273,5267,3.66321
5273,5281,4.82635
5274,5005,2.60992
5274,5127,5.7861
5274,5135,3.28776
5274,5150,2.47533
5274,5270,4.94507
5274,5290,6.93758
5274,5291,1.63342
5275,5053,3.78725
5275,5085,3.83177
5275,5100,2.60487
5275,5126,8.84052
5275,5152,6.55211
5275,5153,2.24124
5275,5198,2.40761
5276,4946,3.54665
5276,4952,5.73866
5276,5128,2.63895
5276,5132,4.43879
5276,5135,4.18442
5276,5136,3.40741
5276,5151,4.53314
5277,5080,4.90229
5277,5109,9.35016
5277,5186,3.882
5277,5221,4.00466
5278,5080,6.12578
5278,5084,6.13391
5278,5193,1.04164
5278,5225,6.21259
5278,5255,5.17418
5279,5027,2.36307
5279,5061,2.02195
5279,5156,8.11867
5279,5247,3.2265
5279,5249,5.34969
5279,5280,3.87917
5280,5020,4.39799
5280,5027,4.92687
5280,5091,0.42454
5280,5234,3.48208
5280,5249,5.47396
5280,5265,1.39166
5280,5279,3.87917
5281,5014,6.42603
5281,5121,2.29367
5281,5159,5.99531
5281,5266,4.16754
5281,5273,4.82635
5281,5285,5.13364
5282,5160,6.98395
5282,5167,1.29157
5282,5269,2.86868
5282,5283,3.81282
5282,5288,5.58509
5283,5150,5.80922
5283,5160,3.36567
5283,5262,5.84043
5283,5269,3.03248
5283,5270,6.18821
5283,5282,3.81282
5284,5014,7.60711
5284,5148,9.21489
5284,5165,3.19841
5284,5173,0.803373
5284,5285,7.96661
5285,5014,0.88133
5285,5026,7.11087
5285,5159,2.22003
5285,5173,4.31934
5285,5281,5.13364
5285,5284,7.96661
5286,5039,4.03674
5286,5186,4.96351
5286,5226,2.11191
5286,5259,7.75652
5286,5272,5.3938
5286,5301,3.66377
5287,5090,6.10652
5287,5099,9.15179
5287,5129,3.18048
5287,5182,3.38712
5287,5204,1.44185
5287,5232,3.3911
5288,5142,9.37858
5288,5167,6.42896
5288,5269,2.61613
5288,5282,5.58509
5288,5303,4.05367
5289,4944,2.27234
5289,5000,2.06466
5289,5168,3.64879
5289,5193,3.12177
5289,5259,1.98331
5289,5260,4.63375
5289,5301,7.63658
5290,5024,2.7088
5290,5150,2.66529
5290,5274,6.93758
5290,5291,5.73823
5290,5305,5.27523
5291,4952,2.24086
5291,5024,5.58784
5291,5135,7.50927
5291,5274,1.63342
5291,5290,5.73823
5292,4992,5.71478
5292,5087,6.18227
5292,5098,1.64781
5292,5241,4.93173
5292,5244,5.54904
5293,4948,4.85443
5293,4964,2.75164
5293,5011,0.618319
5293,5134,2.42004
5293,5145,5.17992
5293,5171,7.29568
5293,5298,3.25231
5294,5139,3.01264
5294,5145,3.08677
5294,5295,4.67715
5294,5298,6.19328
5294,5307,1.76122
5294,5308,2.52288
5295,4958,4.22176
5295,5139,4.6908
5295,5146,6.58788
5295,5294,4.67715
5295,5308,2.96923
5296,5028,6.02128
5296,5048,4.02331
5296,5150,7.01936
5296,5160,5.01864
5296,5305,2.36605
5297,5070,3.1526
5297,5143,7.42757
5297,5268,5.59076
5298,4964,3.82218
5298,5145,4.53917
5298,5202,1.87318
5298,5293,3.25231
5298,5294,6.19328
5298,5307,4.05832
5299,5077,4.03382
5299,5105,0.570727
5299,5116,2.54158
5299,5164,11.1391
5299,5271,9.65899
5300,5105,5.36369
5300,5109,5.16353
5300,5195,7.20035
5301,5080,2.8263
5301,5186,5.14967
5301,5193,3.55172
5301,5259,2.9333
5301,5286,3.66377
5301,5289,7.63658
5303,5017,8.3953
5303,5142,1.26187
5303,5159,1.26444
5303,5167,2.23877
5303,5175,8.05574
5303,5192,5.07639
5303,5210,2.49744
5303,5288,4.05367
5304,5030,3.2183
5304,5051,3.90938
5304,5141,2.25213
5304,5162,8.55088
5304,5221,1.01147
5304,5225,5.89985
5305,5024,4.75993
5305,5048,8.79318
5305,5150,5.08769
5305,5196,2.3357
5305,5290,5.27523
5305,5296,2.36605
5306,4953,5.77931
5306,5025,2.77098
5306,5092,1.00105
5306,5151,2.86036
5306,5171,5.67488
5306,5181,9.46721
5306,5200,2.49708
5307,5078,3.00632
5307,5202,4.43027
5307,5294,1.76122
5307,5298,4.05832
5307,5308,6.95946
5308,4958,3.55462
5308,4974,5.36575
5308,5078,1.89531
5308,5294,2.52288
5308,5295,2.96923
5308,5307,6.95946
