label, neighbor, wall area
2,98,2.59441
2,233,3.02685
2,242,1.05695
2,252,6.9386
2,466,5.66928
3,168,6.34932
3,301,3.86885
3,311,2.28971
3,312,3.74439
3,661,2.97361
3,662,0.716934
6,67,2.39202
6,216,2.03212
6,225,2.87059
6,339,5.31362
6,401,6.4887
6,431,1.12455
6,434,6.08234
7,48,2.76108
7,409,1.8685
7,417,4.40968
7,476,4.85161
7,660,2.05676
9,367,4.73662
9,385,5.05538
9,665,2.84205
10,23,2.13992
10,80,2.61668
10,89,4.14987
10,102,3.67649
10,104,3.64708
10,234,1.19118
10,242,5.57473
10,253,2.24242
11,51,4.79908
11,97,0.746506
11,131,3.16624
11,510,1.5833
11,653,2.19154
11,673,4.12413
11,675,1.73709
12,456,6.83015
12,468,6.55117
12,648,4.52858
13,452,4.86613
13,457,4.2007
13,590,5.30226
13,645,9.01341
13,647,0.535138
14,112,1.86518
14,135,2.41166
14,435,2.15456
14,530,2.39512
14,676,5.42303
15,130,3.88297
15,281,4.13499
15,299,2.07731
15,321,4.75134
15,350,3.80015
15,361,5.38006
16,20,3.31617
16,126,3.44449
16,128,5.18305
16,236,1.69461
16,276,0.913884
16,380,2.60323
16,550,1.22592
18,64,2.86001
18,113,2.36618
18,140,3.48656
18,494,2.78267
18,537,6.23683
18,678,0.428534
18,679,3.80823
19,43,4.35082
19,61,2.97466
19,230,4.82009
19,246,6.32477
19,506,4.03444
20,16,3.31617
20,117,2.4727
20,126,4.87675
20,380,3.53439
20,688,2.57243
23,10,2.13992
23,80,4.85055
23,118,1.19519
23,205,0.854116
23,242,2.18487
23,466,4.64064
23,540,4.45399
24,66,5.51289
24,68,2.97322
24,103,6.23321
24,264,0.900995
24,485,2.88802
24,684,1.80522
26,246,0.60275
26,506,7.24111
26,542,6.89857
28,90,1.74563
28,508,6.53472
28,682,5.66662
28,696,1.22653
28,698,0.868622
28,699,1.22749
28,700,1.89393
29,32,3.61746
29,128,7.14857
29,227,5.1597
29,254,3.38783
29,276,1.95003
30,49,2.22091
30,77,0.771811
30,124,2.72242
30,125,3.59203
30,129,3.37409
30,551,2.40841
30,598,7.64684
32,29,3.61746
32,35,2.65255
32,227,2.71773
32,254,2.50569
32,333,2.63292
32,411,3.78308
33,48,2.03544
33,196,2.56342
33,201,4.21859
33,315,2.81735
33,337,1.97253
33,417,2.70381
34,46,6.40604
34,96,1.82145
34,369,4.23532
35,32,2.65255
35,37,6.16841
35,137,0.445803
35,218,4.92888
35,254,2.81477
35,262,3.24379
35,411,1.97521
37,35,6.16841
37,137,2.7358
37,228,4.09189
37,411,2.71723
37,636,3.6175
40,84,4.28437
40,332,4.40381
40,351,3.62655
40,389,2.42129
40,551,4.89724
41,244,2.83912
41,328,4.34172
41,384,4.15389
41,422,3.29469
41,446,5.38282
41,496,2.9109
42,79,6.19974
42,106,1.88902
42,134,2.82045
43,19,4.35082
43,47,5.86947
43,184,2.69513
43,230,2.30253
43,506,2.55513
43,590,5.54189
43,645,0
44,54,5.29781
44,532,4.66584
44,680,3.77107
44,681,1.22799
45,246,4.61204
45,514,2.15119
45,542,3.51865
45,543,6.83451
45,697,3.88592
46,34,6.40604
46,354,2.58077
46,369,3.66301
46,373,2.4276
46,475,5.01664
46,632,0.709572
46,633,7.88222
47,43,5.86947
47,52,7.77859
47,184,5.08463
47,221,2.75048
47,590,0
47,645,5.26121
48,7,2.76108
48,33,2.03544
48,50,0.967033
48,315,4.70791
48,408,2.12853
48,414,2.72795
48,417,2.10344
48,660,1.96635
49,30,2.22091
49,351,6.19352
49,551,4.50473
49,598,4.464
49,644,2.78134
50,48,0.967033
50,211,1.52539
50,305,3.64105
50,315,5.28319
50,316,3.49365
50,414,7.58878
50,601,4.00709
51,11,4.79908
51,97,3.45246
51,120,5.90729
51,145,1.47654
51,510,1.89629
52,47,7.77859
52,188,6.04062
52,221,3.0007
52,645,5.81455
54,44,5.29781
54,69,8.389
54,442,9.05228
54,508,3.23007
54,532,1.34479
54,534,0.542146
54,680,1.46737
58,101,2.5884
58,105,2.5923
58,112,6.2333
58,194,3.76126
58,571,6.60724
59,60,5.64993
59,552,2.11938
59,553,2.78544
59,572,4.01791
59,573,5.92165
60,59,5.64993
60,73,4.89902
60,188,2.51587
60,553,2.60235
60,554,5.86861
60,572,0.222558
61,19,2.97466
61,76,1.17029
61,230,2.4703
61,246,1.58904
61,357,2.77023
61,440,6.17575
61,702,4.12716
63,244,5.87934
63,281,4.39487
63,346,3.63878
63,367,6.786
64,18,2.86001
64,66,6.74942
64,113,5.31721
64,158,1.10899
64,537,0.634703
65,92,4.29682
65,429,2.75777
65,586,7.97643
65,656,7.03557
66,24,5.51289
66,64,6.74942
66,68,1.35396
66,115,3.63144
66,158,2.93421
66,485,4.33128
66,537,1.45697
67,6,2.39202
67,146,1.01139
67,225,1.68473
67,307,2.99365
67,340,1.65752
67,365,6.2213
67,434,3.82704
67,439,1.06524
68,24,2.97322
68,66,1.35396
68,115,4.3602
68,119,3.04414
68,204,0.869142
68,684,5.71555
69,54,8.389
69,90,2.06024
69,318,6.75107
69,332,1.23995
69,508,4.29382
69,534,4.15444
70,72,3.94751
70,240,3.82908
70,355,2.37787
70,586,5.28515
70,656,3.81224
71,84,7.45033
71,127,3.37673
71,136,4.60886
71,165,1.41378
71,698,3.27419
72,70,3.94751
72,83,1.95503
72,107,2.09732
72,245,6.92712
72,355,1.49772
72,656,1.06368
73,60,4.89902
73,74,3.07471
73,148,5.74638
73,188,4.48348
73,428,2.53952
73,572,2.64106
74,73,3.07471
74,155,1.50218
74,188,4.10797
74,221,1.61072
74,428,5.53251
76,61,1.17029
76,264,1.20124
76,357,5.94416
76,440,3.40311
76,485,2.86515
76,494,3.15432
76,537,2.69371
77,30,0.771811
77,79,4.28006
77,106,2.48184
77,129,2.98334
77,132,4.14182
77,598,3.77569
78,83,3.22072
78,226,4.0084
78,231,3.42212
78,245,0.877557
78,248,3.42443
78,249,4.4896
78,251,2.37514
79,42,6.19974
79,77,4.28006
79,106,5.83642
79,132,0.749905
79,134,4.98159
80,10,2.61668
80,23,4.85055
80,89,2.48649
80,205,3.07109
80,206,3.36504
82,270,2.92075
82,309,4.0758
82,323,4.38182
82,529,1.87723
82,625,2.18543
82,694,1.43387
83,72,1.95503
83,78,3.22072
83,107,4.60703
83,213,1.37464
83,231,3.83883
83,245,3.16238
84,40,4.28437
84,71,7.45033
84,90,1.88047
84,124,1.35483
84,127,0.816827
84,332,2.79098
84,551,2.23517
84,698,1.32014
84,699,1.47268
86,217,4.72873
86,316,2.17873
86,343,1.55004
86,601,7.30035
89,10,4.14987
89,80,2.48649
89,102,4.43892
89,206,3.77192
89,546,2.64083
90,28,1.74563
90,69,2.06024
90,84,1.88047
90,332,6.85816
90,508,2.7499
90,699,4.1008
92,65,4.29682
92,110,5.54189
92,195,2.82272
92,429,2.89859
92,477,2.99565
92,656,1.78255
95,219,2.10081
95,220,5.11316
95,435,2.56509
95,494,2.37581
95,676,3.16172
95,679,4.53013
96,34,1.82145
96,369,4.18743
96,397,0.734196
97,11,0.746506
97,51,3.45246
97,131,1.20718
97,143,3.42455
97,145,2.11165
97,190,4.23319
98,2,2.59441
98,242,6.72561
98,252,2.06756
98,253,1.78147
98,275,5.71916
98,280,4.31834
100,148,7.0105
100,520,4.00366
100,571,4.29122
100,572,6.40701
101,58,2.5884
101,133,3.72246
101,192,2.27387
101,193,3.62421
101,194,2.80726
101,571,2.6355
102,10,3.67649
102,89,4.43892
102,150,2.53796
102,234,3.20455
102,546,3.77069
103,24,6.23321
103,264,3.78399
103,684,2.12371
103,685,0.816398
103,698,0.882214
103,701,7.73222
104,10,3.64708
104,109,1.24727
104,198,4.62277
104,234,4.3333
104,253,2.78398
104,285,1.9393
105,58,2.5923
105,112,1.88099
105,135,2.07945
105,152,4.39549
105,194,4.00387
105,197,2.17652
106,42,1.88902
106,77,2.48184
106,79,5.83642
106,598,5.27247
106,642,3.28211
106,644,4.48795
107,72,2.09732
107,83,4.60703
107,213,3.27354
107,656,7.25406
109,104,1.24727
109,114,5.03408
109,198,5.19028
109,234,4.48942
109,271,2.4293
109,288,1.67647
109,371,4.11886
110,92,5.54189
110,195,3.23555
110,213,5.34022
110,479,3.05882
110,480,1.89048
110,656,3.66948
112,14,1.86518
112,58,6.2333
112,105,1.88099
112,135,4.6228
112,428,1.98869
112,530,5.29015
112,571,0.707138
113,18,2.36618
113,64,5.31721
113,140,7.16306
113,158,5.28362
113,202,4.35083
113,336,0.937818
114,109,5.03408
114,117,4.35341
114,271,4.61805
114,291,4.30398
114,371,3.39081
114,688,3.42356
115,66,3.63144
115,68,4.3602
115,144,1.10598
115,158,2.37972
115,204,3.33347
117,20,2.4727
117,114,4.35341
117,126,2.21254
117,272,2.33162
117,291,3.17684
117,688,3.27417
118,23,1.19519
118,233,4.98661
118,466,3.96142
118,539,2.65195
118,540,3.28978
119,68,3.04414
119,160,6.92029
119,204,6.14324
119,208,3.29767
119,603,1.89087
119,684,0.362961
120,51,5.90729
120,145,4.7879
120,510,1.83054
120,520,5.06454
120,570,4.7888
124,30,2.72242
124,84,1.35483
124,125,3.12012
124,127,4.00764
124,551,3.60697
125,30,3.59203
125,124,3.12012
125,127,3.51312
125,129,0.785262
125,166,0.852192
125,169,3.08093
126,16,3.44449
126,20,4.87675
126,117,2.21254
126,128,4.75733
126,272,3.51603
126,296,4.5381
127,71,3.37673
127,84,0.816827
127,124,4.00764
127,125,3.51312
127,165,7.66427
127,166,2.56737
128,16,5.18305
128,29,7.14857
128,126,4.75733
128,254,5.12979
128,276,2.33669
128,296,1.6026
128,658,4.76885
128,659,3.3082
129,30,3.37409
129,77,2.98334
129,125,0.785262
129,132,1.60918
129,169,4.32536
130,15,3.88297
130,281,3.44422
130,299,6.83982
130,385,4.57716
130,413,2.33114
131,11,3.16624
131,97,1.20718
131,143,2.24557
131,578,2.96673
131,653,3.8249
132,77,4.14182
132,79,0.749905
132,129,1.60918
132,134,2.30963
132,169,3.23848
132,215,3.69781
133,101,3.72246
133,147,2.4105
133,192,1.76133
133,570,6.10238
133,571,1.89756
134,42,2.82045
134,79,4.98159
134,132,2.30963
134,172,4.59191
134,215,2.96971
135,14,2.41166
135,105,2.07945
135,112,4.6228
135,152,1.75468
135,153,2.33907
135,676,2.28841
135,677,2.78158
136,71,4.60886
136,160,5.42219
136,163,0.816642
136,165,2.00457
136,684,1.04668
136,685,2.0075
136,698,0.6371
137,35,0.445803
137,37,2.7358
137,139,3.27747
137,218,2.84497
137,305,5.48739
137,636,3.16745
138,283,1.72963
138,339,3.35911
138,431,3.00542
138,491,4.30048
138,498,2.67943
138,568,1.74295
139,137,3.27747
139,305,5.13101
139,601,2.10223
139,636,4.32278
140,18,3.48656
140,113,7.16306
140,200,3.9696
140,202,2.83443
140,678,6.40414
141,324,2.15871
141,339,6.09667
141,340,3.61042
141,434,1.8678
141,498,2.45443
141,538,4.30374
143,97,3.42455
143,131,2.24557
143,186,2.37253
143,190,3.08161
143,255,2.58125
143,578,4.79097
144,115,1.10598
144,158,5.96823
144,173,2.05206
144,204,3.91031
144,336,4.26838
144,603,2.60791
145,51,1.47654
145,97,2.11165
145,120,4.7879
145,147,8.22199
145,170,2.74621
145,190,4.30649
145,314,1.67628
145,317,0.88448
145,570,0.917418
146,67,1.01139
146,149,5.7368
146,307,3.25831
146,324,3.87962
146,340,6.64087
146,516,1.03569
147,133,2.4105
147,145,8.22199
147,192,4.58848
147,261,3.39905
147,317,3.70974
147,570,1.93438
148,73,5.74638
148,100,7.0105
148,428,2.32219
148,571,3.9753
148,572,1.90416
149,146,5.7368
149,307,3.05167
149,352,3.59545
149,516,2.22224
150,102,2.53796
150,167,4.25773
150,234,4.55544
150,371,4.97028
150,499,0.508004
150,546,3.73124
152,105,4.39549
152,135,1.75468
152,153,4.26137
152,197,3.06807
153,135,2.33907
153,152,4.26137
153,197,3.4575
153,199,5.31492
153,325,0.774175
153,326,2.84474
153,330,2.13756
153,677,2.21532
154,213,6.39209
154,222,4.55801
154,231,2.66863
154,480,0.752437
154,481,3.78489
154,483,1.69215
155,74,1.50218
155,219,3.27228
155,221,5.78462
155,428,2.9524
155,435,2.40261
155,704,2.08354
156,168,2.09019
156,257,4.8395
156,307,1.63143
156,311,2.17336
156,328,3.72213
156,352,4.30264
156,439,1.97385
156,446,4.36099
157,172,3.64305
157,215,2.9335
157,286,3.5204
157,608,3.02324
158,64,1.10899
158,66,2.93421
158,113,5.28362
158,115,2.37972
158,144,5.96823
158,336,3.33979
160,119,6.92029
160,136,5.42219
160,163,1.84703
160,208,2.57433
160,279,2.68665
160,684,3.69271
163,136,0.816642
163,160,1.84703
163,165,7.55424
163,212,0.477141
163,279,5.72882
163,282,4.42955
164,174,4.58684
164,208,4.22007
164,279,5.59202
164,282,2.58409
164,388,2.03488
164,604,3.59678
165,71,1.41378
165,127,7.66427
165,136,2.00457
165,163,7.55424
165,166,1.74185
165,212,2.77866
166,125,0.852192
166,127,2.56737
166,165,1.74185
166,169,6.5438
166,212,5.76105
166,342,2.93908
167,150,4.25773
167,207,6.28827
167,371,4.14836
167,499,3.17596
167,689,2.79153
168,3,6.34932
168,156,2.09019
168,311,2.57993
168,328,4.16887
168,662,2.65832
169,125,3.08093
169,129,4.32536
169,132,3.23848
169,166,6.5438
169,215,1.78086
169,286,4.0306
170,145,2.74621
170,179,0.876506
170,314,6.43575
170,317,4.141
170,370,2.39399
170,419,3.10459
171,265,0.940455
171,319,2.67839
171,376,6.63565
171,455,2.82182
171,692,6.35096
172,134,4.59191
172,157,3.64305
172,215,3.02442
173,144,2.05206
173,183,2.75271
173,336,3.20267
173,382,3.6799
173,426,1.06394
173,465,3.89633
173,603,5.22729
174,164,4.58684
174,388,7.19396
174,467,5.0851
174,509,2.96743
174,511,1.73786
174,604,1.66931
175,212,4.20221
175,282,3.2874
175,342,4.52214
175,388,4.33053
175,432,6.47855
175,469,3.74392
177,239,3.57938
177,241,1.24126
177,266,3.45523
177,269,2.1412
177,278,1.83278
177,474,2.76801
178,189,0.650473
178,362,3.05269
178,479,3.22545
178,480,1.70715
178,481,3.03894
178,580,2.30377
178,581,3.52987
179,170,0.876506
179,313,3.27212
179,314,2.40786
179,366,3.56694
179,419,3.89254
179,450,0.669923
179,451,5.94539
180,252,5.09349
180,266,3.0086
180,275,0.407067
180,379,5.27557
180,383,5.03839
180,474,4.63305
182,187,7.61443
182,321,2.58643
182,327,4.74141
182,350,4.77669
182,531,1.85981
182,602,2.01514
183,173,2.75271
183,465,6.54332
183,467,3.28139
183,550,1.6733
183,603,1.76085
183,604,7.11757
184,43,2.69513
184,47,5.08463
184,221,2.08793
184,230,6.33159
184,704,2.01248
185,186,0.949042
185,306,4.63119
185,579,1.34032
185,580,3.89333
185,582,1.82949
186,143,2.37253
186,185,0.949042
186,255,3.8707
186,306,2.72936
186,310,3.02281
186,578,2.89363
186,579,5.89272
187,182,7.61443
187,321,3.98381
187,344,3.24798
187,347,1.94017
187,409,4.91053
187,531,1.23937
187,548,1.43225
188,52,6.04062
188,60,2.51587
188,73,4.48348
188,74,4.10797
188,221,3.61682
188,554,4.6204
188,645,1.14759
189,178,0.650473
189,362,3.3689
189,448,3.47227
189,481,3.88048
189,483,1.7809
189,556,0.693015
190,97,4.23319
190,143,3.08161
190,145,4.30649
190,255,4.23804
190,314,3.54037
192,101,2.27387
192,133,1.76133
192,147,4.58848
192,193,3.42727
192,261,4.89862
192,319,1.83683
193,101,3.62421
193,192,3.42727
193,194,3.40256
193,265,5.02522
193,319,2.23977
194,58,3.76126
194,101,2.80726
194,105,4.00387
194,193,3.40256
194,197,1.68501
194,265,3.01127
195,92,2.82272
195,110,3.23555
195,445,6.80757
195,477,7.16728
195,479,2.02291
195,584,0.658857
196,33,2.56342
196,201,1.90937
196,344,5.01163
196,409,1.92935
196,417,3.2251
196,475,2.63053
197,105,2.17652
197,152,3.06807
197,153,3.4575
197,194,1.68501
197,265,1.57958
197,325,2.46164
198,104,4.62277
198,109,5.19028
198,285,3.02576
198,288,3.69883
198,391,1.86058
199,153,5.31492
199,200,3.98101
199,330,3.86638
199,331,1.77657
199,677,2.83846
200,140,3.9696
200,199,3.98101
200,202,0.468417
200,273,4.7548
200,331,2.83185
200,677,2.86262
200,678,0.476803
201,33,4.21859
201,196,1.90937
201,337,2.04474
201,354,2.65865
201,475,2.91273
202,113,4.35083
202,140,2.83443
202,200,0.468417
202,273,4.73257
202,336,2.25492
202,381,0.215881
202,557,2.40803
204,68,0.869142
204,115,3.33347
204,119,6.14324
204,144,3.91031
204,603,4.31269
205,23,0.854116
205,80,3.07109
205,206,0.967316
205,458,2.22947
205,459,3.81859
205,540,3.99748
206,80,3.36504
206,89,3.77192
206,205,0.967316
206,459,3.5394
206,462,4.69632
206,546,2.02803
207,167,6.28827
207,209,3.3973
207,464,4.74088
207,499,1.914
207,503,1.56804
207,689,1.41497
208,119,3.29767
208,160,2.57433
208,164,4.22007
208,279,4.10884
208,603,3.04718
208,604,3.11819
209,207,3.3973
209,236,4.84647
209,380,3.53217
209,465,2.06253
209,503,4.40406
209,688,1.86098
209,689,4.04835
210,227,1.88157
210,276,3.69955
210,333,3.94363
210,509,4.93616
210,511,3.26425
211,50,1.52539
211,217,3.71939
211,315,1.60151
211,316,5.12437
211,337,3.31191
211,353,4.86239
211,356,1.21728
212,163,0.477141
212,165,2.77866
212,166,5.76105
212,175,4.20221
212,282,5.78033
212,342,0.412225
213,83,1.37464
213,107,3.27354
213,110,5.34022
213,154,6.39209
213,231,3.55009
213,480,3.57062
213,656,1.51256
215,132,3.69781
215,134,2.96971
215,157,2.9335
215,169,1.78086
215,172,3.02442
215,286,3.82985
216,6,2.03212
216,401,4.15553
216,424,4.04746
216,431,4.35364
216,515,4.63321
217,86,4.72873
217,211,3.71939
217,316,4.1719
217,343,5.5365
217,353,2.87971
218,35,4.92888
218,137,2.84497
218,262,3.78959
218,305,5.45034
218,414,4.30712
219,95,2.10081
219,155,3.27228
219,220,2.14887
219,435,3.58174
219,703,1.08786
219,704,1.63261
220,95,5.11316
220,219,2.14887
220,440,0.79939
220,494,3.47985
220,703,3.35129
221,47,2.75048
221,52,3.0007
221,74,1.61072
221,155,5.78462
221,184,2.08793
221,188,3.61682
221,704,3.68585
222,154,4.55801
222,223,5.44155
222,226,1.60522
222,229,0.896145
222,231,3.25596
222,483,2.04237
222,484,1.85327
223,222,5.44155
223,229,2.95026
223,247,2.34396
223,484,3.4684
223,565,2.69015
225,6,2.87059
225,67,1.68473
225,365,2.93987
225,401,4.48516
225,515,2.70799
225,524,3.30591
225,687,7.25963
226,78,4.0084
226,222,1.60522
226,229,3.78705
226,231,1.78567
226,251,2.39783
227,29,5.1597
227,32,2.71773
227,210,1.88157
227,276,3.72121
227,333,2.52334
228,37,4.09189
228,411,2.78666
228,555,4.5754
228,636,3.66403
228,637,5.52414
229,222,0.896145
229,223,2.95026
229,226,3.78705
229,247,4.74088
229,251,1.70534
230,19,4.82009
230,43,2.30253
230,61,2.4703
230,184,6.33159
230,440,2.14138
230,704,2.84927
231,78,3.42212
231,83,3.83883
231,154,2.66863
231,213,3.55009
231,222,3.25596
231,226,1.78567
233,2,3.02685
233,118,4.98661
233,252,1.96035
233,399,5.92758
233,466,0.5233
233,539,1.88854
233,691,0.841114
234,10,1.19118
234,102,3.20455
234,104,4.3333
234,109,4.48942
234,150,4.55544
234,371,0.449686
236,16,1.69461
236,209,4.84647
236,380,6.04063
236,465,1.77972
236,550,8.98751
239,177,3.57938
239,241,4.07918
239,269,5.11943
239,297,4.75587
239,390,2.65255
239,707,2.34294
240,70,3.82908
240,355,4.9631
240,586,1.37964
240,588,3.63109
241,177,1.24126
241,239,4.07918
241,297,2.7482
241,399,2.76569
241,474,6.23801
241,493,2.02969
241,567,2.98662
242,2,1.05695
242,10,5.57473
242,23,2.18487
242,98,6.72561
242,253,2.83955
242,466,3.48845
244,41,2.83912
244,63,5.87934
244,281,2.08669
244,346,0.324202
244,384,5.49024
244,422,7.34817
245,72,6.92712
245,78,0.877557
245,83,3.16238
245,248,5.38051
245,355,3.42174
245,443,4.35335
246,19,6.32477
246,26,0.60275
246,45,4.61204
246,61,1.58904
246,506,0.462326
246,542,3.0419
246,702,2.49235
247,223,2.34396
247,229,4.74088
247,251,1.49576
247,390,5.05009
247,565,5.18126
247,707,2.29195
248,78,3.42443
248,245,5.38051
248,249,6.72272
248,443,3.8303
248,523,2.36661
249,78,4.4896
249,248,6.72272
249,251,1.05672
249,447,2.12436
249,523,0.712302
249,623,5.79896
249,707,1.29121
251,78,2.37514
251,226,2.39783
251,229,1.70534
251,247,1.49576
251,249,1.05672
251,707,4.92438
252,2,6.9386
252,98,2.06756
252,180,5.09349
252,233,1.96035
252,275,4.25314
252,399,2.81458
252,474,2.77666
253,10,2.24242
253,98,1.78147
253,104,2.78398
253,242,2.83955
253,280,2.48196
253,285,3.6935
254,29,3.38783
254,32,2.50569
254,35,2.81477
254,128,5.12979
254,262,7.09579
254,659,0.787124
255,143,2.58125
255,186,3.8707
255,190,4.23804
255,310,2.41535
255,313,2.90744
255,314,2.67194
255,366,3.42645
257,156,4.8395
257,311,3.41415
257,352,3.94959
257,547,0.459995
261,147,3.39905
261,192,4.89862
261,317,3.76237
261,319,5.0255
261,454,1.60658
262,35,3.24379
262,218,3.78959
262,254,7.09579
262,408,3.66085
262,414,2.47133
262,659,2.10084
264,24,0.900995
264,76,1.20124
264,103,3.78399
264,357,2.08034
264,485,5.58411
264,701,1.37724
264,702,3.33381
265,171,0.940455
265,193,5.02522
265,194,3.01127
265,197,1.57958
265,319,2.38135
265,325,5.16837
265,376,4.76703
266,177,3.45523
266,180,3.0086
266,278,4.67202
266,379,4.55005
266,474,2.08989
269,177,2.1412
269,239,5.11943
269,278,5.07532
269,289,2.84818
269,622,0.813405
269,707,3.82291
270,82,2.92075
270,283,1.1274
270,323,1.69556
270,478,4.09831
270,549,4.92566
270,625,3.52403
271,109,2.4293
271,114,4.61805
271,288,3.83214
271,291,0.703441
271,396,6.35915
271,471,2.27564
272,117,2.33162
272,126,3.51603
272,291,3.32632
272,292,4.99402
272,296,4.26005
273,200,4.7548
273,202,4.73257
273,331,5.01373
273,381,4.59839
275,98,5.71916
275,180,0.407067
275,252,4.25314
275,280,2.44108
275,290,3.42786
275,383,9.40509
276,16,0.913884
276,29,1.95003
276,128,2.33669
276,210,3.69955
276,227,3.72121
276,467,0.944825
276,509,2.94628
276,550,7.19983
278,177,1.83278
278,266,4.67202
278,269,5.07532
278,289,2.70175
278,300,4.57041
278,379,3.01423
279,160,2.68665
279,163,5.72882
279,164,5.59202
279,208,4.10884
279,282,1.79001
280,98,4.31834
280,253,2.48196
280,275,2.44108
280,285,5.47208
280,290,5.59881
280,470,2.27914
280,547,1.10242
281,15,4.13499
281,63,4.39487
281,130,3.44422
281,244,2.08669
281,361,2.09303
281,367,3.97829
281,385,3.82089
281,422,3.56438
282,163,4.42955
282,164,2.58409
282,175,3.2874
282,212,5.78033
282,279,1.79001
282,388,4.00741
283,138,1.72963
283,270,1.1274
283,431,4.1422
283,478,2.44304
283,491,2.84264
283,549,4.96916
285,104,1.9393
285,198,3.02576
285,253,3.6935
285,280,5.47208
285,391,3.79354
285,470,2.30751
286,157,3.5204
286,169,4.0306
286,215,3.82985
286,342,6.41515
286,607,2.5146
286,608,2.15505
288,109,1.67647
288,198,3.69883
288,271,3.83214
288,391,3.39285
288,471,2.75523
289,269,2.84818
289,278,2.70175
289,300,3.27124
289,323,1.3318
289,402,4.54609
289,449,1.79373
289,529,3.85239
289,622,4.22149
290,275,3.42786
290,280,5.59881
290,352,1.03621
290,383,0.324986
290,516,6.46818
290,547,4.05253
291,114,4.30398
291,117,3.17684
291,271,0.703441
291,272,3.32632
291,292,3.53368
291,303,1.80261
291,396,2.88572
292,272,4.99402
292,291,3.53368
292,296,0.958511
292,303,3.27467
292,531,4.00535
292,548,3.02748
292,657,3.88331
296,126,4.5381
296,128,1.6026
296,272,4.26005
296,292,0.958511
296,657,3.00496
296,658,3.69135
297,239,4.75587
297,241,2.7482
297,390,4.24354
297,493,4.48894
297,565,2.88377
297,566,3.84109
299,15,2.07731
299,130,6.83982
299,321,1.63959
299,347,2.39045
299,413,2.85573
299,632,3.49327
299,633,3.69467
300,278,4.57041
300,289,3.27124
300,379,0.860937
300,402,4.73065
300,568,6.16374
301,3,3.86885
301,311,2.15889
301,312,5.88793
301,396,2.99288
301,471,6.11366
303,291,1.80261
303,292,3.27467
303,312,5.49055
303,327,4.51515
303,396,5.81971
303,531,3.38805
305,50,3.64105
305,137,5.48739
305,139,5.13101
305,218,5.45034
305,414,0.400678
305,601,8.05394
306,185,4.63119
306,186,2.72936
306,310,3.72932
306,362,2.48944
306,580,2.01727
307,67,2.99365
307,146,3.25831
307,149,3.05167
307,156,1.63143
307,352,2.48074
307,439,6.57099
309,82,4.0758
309,447,4.06479
309,529,4.02717
309,694,2.90462
310,186,3.02281
310,255,2.41535
310,306,3.72932
310,362,2.34644
310,366,3.01986
310,556,1.95515
311,3,2.28971
311,156,2.17336
311,168,2.57993
311,257,3.41415
311,301,2.15889
311,470,4.89016
311,471,2.69487
311,547,3.12692
312,3,3.74439
312,301,5.88793
312,303,5.49055
312,327,0.624376
312,396,0.760147
312,602,5.54575
312,661,1.98579
313,179,3.27212
313,255,2.90744
313,314,4.78306
313,366,3.45733
314,145,1.67628
314,170,6.43575
314,179,2.40786
314,190,3.54037
314,255,2.67194
314,313,4.78306
315,33,2.81735
315,48,4.70791
315,50,5.28319
315,211,1.60151
315,337,5.54689
316,50,3.49365
316,86,2.17873
316,211,5.12437
316,217,4.1719
316,601,5.40657
317,145,0.88448
317,147,3.70974
317,170,4.141
317,261,3.76237
317,370,4.45709
317,454,2.9299
318,69,6.75107
318,332,5.45497
318,389,7.17161
318,492,4.47365
318,534,2.24657
318,595,3.56943
319,171,2.67839
319,192,1.83683
319,193,2.23977
319,261,5.0255
319,265,2.38135
319,454,2.94899
319,692,1.72306
321,15,4.75134
321,182,2.58643
321,187,3.98381
321,299,1.63959
321,347,7.31433
321,350,2.34562
323,82,4.38182
323,270,1.69556
323,289,1.3318
323,402,3.01627
323,478,5.84413
323,529,3.02865
324,141,2.15871
324,146,3.87962
324,340,3.49664
324,516,4.45697
324,538,4.39254
324,569,8.39379
325,153,0.774175
325,197,2.46164
325,265,5.16837
325,326,4.13858
325,376,2.13771
325,420,1.65708
326,153,2.84474
326,325,4.13858
326,330,4.26352
326,377,3.14868
326,420,3.21529
327,182,4.74141
327,303,4.51515
327,312,0.624376
327,531,5.88574
327,602,4.27582
328,41,4.34172
328,156,3.72213
328,168,4.16887
328,422,0.466999
328,446,3.66521
328,662,3.79534
330,153,2.13756
330,199,3.86638
330,326,4.26352
330,331,2.66228
330,377,3.82939
331,199,1.77657
331,200,2.83185
331,273,5.01373
331,330,2.66228
331,377,1.07585
331,381,1.80425
331,423,4.95662
331,425,2.55528
331,462,1.75366
332,40,4.40381
332,69,1.23995
332,84,2.79098
332,90,6.85816
332,318,5.45497
332,389,2.7676
333,32,2.63292
333,210,3.94363
333,227,2.52334
333,411,2.97361
333,511,2.26081
333,555,3.05841
336,113,0.937818
336,144,4.26838
336,158,3.33979
336,173,3.20267
336,202,2.25492
336,382,2.06814
336,557,6.95632
337,33,1.97253
337,201,2.04474
337,211,3.31191
337,315,5.54689
337,354,2.6144
337,356,3.82885
339,6,5.31362
339,138,3.35911
339,141,6.09667
339,431,4.95679
339,434,2.07669
339,498,1.95246
340,67,1.65752
340,141,3.61042
340,146,6.64087
340,324,3.49664
340,434,6.9831
342,166,2.93908
342,175,4.52214
342,212,0.412225
342,286,6.41515
342,432,3.11288
342,607,1.3151
343,86,1.55004
343,217,5.5365
343,353,2.67125
343,495,5.99226
344,187,3.24798
344,196,5.01163
344,347,3.8969
344,373,3.28199
344,409,2.82168
344,475,0.348543
346,63,3.63878
346,244,0.324202
346,367,0.475119
346,384,4.83669
346,545,1.63792
346,663,5.67544
346,668,1.65913
347,187,1.94017
347,299,2.39045
347,321,7.31433
347,344,3.8969
347,373,3.16054
347,632,4.07004
350,15,3.80015
350,182,4.77669
350,321,2.34562
350,361,5.17326
350,602,4.56128
351,40,3.62655
351,49,6.19352
351,389,6.84572
351,551,0.314656
351,596,3.78066
351,644,1.35079
352,149,3.59545
352,156,4.30264
352,257,3.94959
352,290,1.03621
352,307,2.48074
352,516,5.37404
352,547,4.55408
353,211,4.86239
353,217,2.87971
353,343,2.67125
353,356,4.94416
353,369,4.26851
353,495,5.79645
354,46,2.58077
354,201,2.65865
354,337,2.6144
354,356,5.15897
354,369,0.456559
354,475,4.66294
355,70,2.37787
355,72,1.49772
355,240,4.9631
355,245,3.42174
355,443,4.78043
356,211,1.21728
356,337,3.82885
356,353,4.94416
356,354,5.15897
356,369,3.29186
357,61,2.77023
357,76,5.94416
357,264,2.08034
357,702,6.55614
361,15,5.38006
361,281,2.09303
361,350,5.17326
361,422,4.55529
361,602,2.80109
361,662,3.41114
362,178,3.05269
362,189,3.3689
362,306,2.48944
362,310,2.34644
362,556,3.0115
362,580,3.07516
365,67,6.2213
365,225,2.93987
365,374,3.1293
365,439,3.59537
365,496,2.10614
365,524,2.90972
366,179,3.56694
366,255,3.42645
366,310,3.01986
366,313,3.45733
366,450,2.6492
366,556,6.72096
367,9,4.73662
367,63,6.786
367,281,3.97829
367,346,0.475119
367,385,0.704503
367,663,4.2503
367,665,3.50766
369,34,4.23532
369,46,3.66301
369,96,4.18743
369,353,4.26851
369,354,0.456559
369,356,3.29186
369,397,5.2892
369,495,0.99543
370,170,2.39399
370,317,4.45709
370,419,2.63968
370,454,2.39508
371,109,4.11886
371,114,3.39081
371,150,4.97028
371,167,4.14836
371,234,0.449686
371,688,1.6832
371,689,3.01593
373,46,2.4276
373,344,3.28199
373,347,3.16054
373,475,5.87344
373,632,2.1529
374,365,3.1293
374,375,3.25478
374,496,4.27557
374,524,5.52499
374,545,2.61806
375,374,3.25478
375,384,2.67633
375,496,3.96653
375,545,3.1388
376,171,6.63565
376,265,4.76703
376,325,2.13771
376,420,4.80289
376,455,3.67991
377,326,3.14868
377,330,3.82939
377,331,1.07585
377,420,2.76417
377,423,5.25374
377,458,2.17354
377,459,2.97387
379,180,5.27557
379,266,4.55005
379,278,3.01423
379,300,0.860937
379,383,0.67553
379,538,4.10104
379,568,3.37236
379,569,3.46552
380,16,2.60323
380,20,3.53439
380,209,3.53217
380,236,6.04063
380,688,2.96408
381,202,0.215881
381,273,4.59839
381,331,1.80425
381,382,3.28827
381,425,6.34027
381,464,1.65525
381,557,5.13885
382,173,3.6799
382,336,2.06814
382,381,3.28827
382,426,3.98019
382,464,4.17294
382,557,1.61499
383,180,5.03839
383,275,9.40509
383,290,0.324986
383,379,0.67553
383,516,2.01932
383,569,6.93028
384,41,4.15389
384,244,5.49024
384,346,4.83669
384,375,2.67633
384,496,1.9693
384,545,2.63049
385,9,5.05538
385,130,4.57716
385,281,3.82089
385,367,0.704503
385,413,1.53733
388,164,2.03488
388,174,7.19396
388,175,4.33053
388,282,4.00741
388,469,2.27532
388,511,1.55216
389,40,2.42129
389,318,7.17161
389,332,2.7676
389,351,6.84572
389,595,2.56197
389,596,1.06641
390,239,2.65255
390,247,5.05009
390,297,4.24354
390,707,3.36773
391,198,1.86058
391,285,3.79354
391,288,3.39285
391,470,4.54228
391,471,3.67778
393,510,2.94627
393,520,3.50804
393,572,2.03371
393,573,1.69825
393,574,3.89054
393,675,2.31652
396,271,6.35915
396,291,2.88572
396,301,2.99288
396,303,5.81971
396,312,0.760147
396,471,1.52322
397,96,0.734196
397,369,5.2892
397,495,5.1528
399,233,5.92758
399,241,2.76569
399,252,2.81458
399,474,2.69193
399,567,3.93301
399,691,2.42341
401,6,6.4887
401,216,4.15553
401,225,4.48516
401,515,1.56432
402,289,4.54609
402,300,4.73065
402,323,3.01627
402,478,3.0262
402,491,2.30157
402,568,2.86064
408,48,2.12853
408,262,3.66085
408,414,4.76448
408,659,3.13338
408,660,3.63176
409,7,1.8685
409,187,4.91053
409,196,1.92935
409,344,2.82168
409,417,3.25222
409,476,0.92281
409,548,5.8821
411,32,3.78308
411,35,1.97521
411,37,2.71723
411,228,2.78666
411,333,2.97361
411,555,1.29086
412,668,1.40234
412,669,4.99438
412,670,6.53916
412,671,1.13544
413,130,2.33114
413,299,2.85573
413,385,1.53733
413,633,1.45133
414,48,2.72795
414,50,7.58878
414,218,4.30712
414,262,2.47133
414,305,0.400678
414,408,4.76448
417,7,4.40968
417,33,2.70381
417,48,2.10344
417,196,3.2251
417,409,3.25222
419,170,3.10459
419,179,3.89254
419,370,2.63968
419,451,1.54291
419,454,3.23118
419,487,5.87991
420,325,1.65708
420,326,3.21529
420,376,4.80289
420,377,2.76417
420,455,0.532478
420,458,4.8435
422,41,3.29469
422,244,7.34817
422,281,3.56438
422,328,0.466999
422,361,4.55529
422,662,6.85682
423,331,4.95662
423,377,5.25374
423,459,3.31234
423,462,5.37921
424,216,4.04746
424,431,4.42255
424,549,4.13744
425,331,2.55528
425,381,6.34027
425,462,2.98859
425,464,2.44551
425,499,5.63576
426,173,1.06394
426,382,3.98019
426,464,3.63175
426,465,2.92433
426,503,1.53861
428,73,2.53952
428,74,5.53251
428,112,1.98869
428,148,2.32219
428,155,2.9524
428,435,2.95768
428,530,5.59247
428,571,4.69973
429,65,2.75777
429,92,2.89859
429,477,5.73334
429,585,7.32689
429,586,2.57109
429,587,4.78353
431,6,1.12455
431,138,3.00542
431,216,4.35364
431,283,4.1422
431,339,4.95679
431,424,4.42255
431,549,1.38177
432,175,6.47855
432,342,3.11288
432,469,4.00734
432,513,4.50477
432,525,2.20424
432,607,4.98828
434,6,6.08234
434,67,3.82704
434,141,1.8678
434,339,2.07669
434,340,6.9831
435,14,2.15456
435,95,2.56509
435,155,2.40261
435,219,3.58174
435,428,2.95768
435,530,2.35152
435,676,0.813273
437,442,6.58051
437,543,3.19829
437,680,3.60553
437,696,3.62391
437,697,3.72398
439,67,1.06524
439,156,1.97385
439,307,6.57099
439,365,3.59537
439,446,1.78619
439,496,5.57349
440,61,6.17575
440,76,3.40311
440,220,0.79939
440,230,2.14138
440,494,3.51582
440,703,3.6841
440,704,2.28935
442,54,9.05228
442,437,6.58051
442,508,0.476093
442,680,5.31305
442,696,2.58882
443,245,4.35335
443,248,3.8303
443,355,4.78043
443,523,4.5941
443,620,7.13227
445,195,6.80757
445,479,4.40007
445,581,1.70003
445,583,6.97087
445,584,1.19272
446,41,5.38282
446,156,4.36099
446,328,3.66521
446,439,1.78619
446,496,4.02024
447,249,2.12436
447,309,4.06479
447,449,1.62787
447,523,6.19266
447,529,0.95189
447,623,1.55035
447,694,1.54994
448,189,3.47227
448,450,2.32287
448,483,2.48541
448,556,3.20095
449,289,1.79373
449,447,1.62787
449,529,3.50236
449,622,4.50083
449,623,6.43516
449,707,0.515073
450,179,0.669923
450,366,2.6492
450,448,2.32287
450,451,3.04069
450,484,5.38136
450,556,1.39902
451,179,5.94539
451,419,1.54291
451,450,3.04069
451,484,2.49663
451,487,4.48941
451,565,4.86194
452,13,4.86613
452,457,5.3478
454,261,1.60658
454,317,2.9299
454,319,2.94899
454,370,2.39508
454,419,3.23118
454,487,2.9981
454,692,6.70875
454,693,3.92163
455,171,2.82182
455,376,3.67991
455,420,0.532478
455,458,4.68821
455,539,4.26445
455,540,5.02917
455,691,4.08161
456,12,6.83015
456,457,9.17765
456,647,2.70895
456,648,1.9934
457,13,4.2007
457,452,5.3478
457,456,9.17765
457,647,2.58735
458,205,2.22947
458,377,2.17354
458,420,4.8435
458,455,4.68821
458,459,2.50689
458,540,2.4459
459,205,3.81859
459,206,3.5394
459,377,2.97387
459,423,3.31234
459,458,2.50689
459,462,0.838798
462,206,4.69632
462,331,1.75366
462,423,5.37921
462,425,2.98859
462,459,0.838798
462,499,3.01074
462,546,2.15828
464,207,4.74088
464,381,1.65525
464,382,4.17294
464,425,2.44551
464,426,3.63175
464,499,3.9268
464,503,2.97071
465,173,3.89633
465,183,6.54332
465,209,2.06253
465,236,1.77972
465,426,2.92433
465,503,4.90805
465,550,1.20363
466,2,5.66928
466,23,4.64064
466,118,3.96142
466,233,0.5233
466,242,3.48845
467,174,5.0851
467,183,3.28139
467,276,0.944825
467,509,4.18032
467,550,6.05247
467,604,2.99745
468,12,6.55117
468,552,3.00164
468,648,3.47542
469,175,3.74392
469,388,2.27532
469,432,4.00734
469,511,6.37444
469,525,2.48182
469,555,1.5607
470,280,2.27914
470,285,2.30751
470,311,4.89016
470,391,4.54228
470,471,0.757166
470,547,5.32853
471,271,2.27564
471,288,2.75523
471,301,6.11366
471,311,2.69487
471,391,3.67778
471,396,1.52322
471,470,0.757166
474,177,2.76801
474,180,4.63305
474,241,6.23801
474,252,2.77666
474,266,2.08989
474,399,2.69193
475,46,5.01664
475,196,2.63053
475,201,2.91273
475,344,0.348543
475,354,4.66294
475,373,5.87344
476,7,4.85161
476,409,0.92281
476,548,3.37471
476,657,1.24362
476,658,2.79789
476,659,3.91351
476,660,0.672697
477,92,2.99565
477,195,7.16728
477,429,5.73334
477,584,4.50913
477,585,2.58815
478,270,4.09831
478,283,2.44304
478,323,5.84413
478,402,3.0262
478,491,3.35833
479,110,3.05882
479,178,3.22545
479,195,2.02291
479,445,4.40007
479,480,2.53475
479,581,2.21079
480,110,1.89048
480,154,0.752437
480,178,1.70715
480,213,3.57062
480,479,2.53475
480,481,4.91015
481,154,3.78489
481,178,3.03894
481,189,3.88048
481,480,4.91015
481,483,2.95437
483,154,1.69215
483,189,1.7809
483,222,2.04237
483,448,2.48541
483,481,2.95437
483,484,3.86205
484,222,1.85327
484,223,3.4684
484,450,5.38136
484,451,2.49663
484,483,3.86205
484,565,2.12954
485,24,2.88802
485,66,4.33128
485,76,2.86515
485,264,5.58411
485,537,4.14624
487,419,5.87991
487,451,4.48941
487,454,2.9981
487,493,3.66378
487,565,1.69476
487,566,3.4771
487,693,0.910724
491,138,4.30048
491,283,2.84264
491,402,2.30157
491,478,3.35833
491,568,1.67502
492,318,4.47365
492,534,4.08455
492,595,4.57271
493,241,2.02969
493,297,4.48894
493,487,3.66378
493,566,3.6629
493,567,6.36553
493,693,4.38754
494,18,2.78267
494,76,3.15432
494,95,2.37581
494,220,3.47985
494,440,3.51582
494,537,3.91105
494,679,1.64703
495,343,5.99226
495,353,5.79645
495,369,0.99543
495,397,5.1528
496,41,2.9109
496,365,2.10614
496,374,4.27557
496,375,3.96653
496,384,1.9693
496,439,5.57349
496,446,4.02024
498,138,2.67943
498,141,2.45443
498,339,1.95246
498,538,3.92518
498,568,6.20223
499,150,0.508004
499,167,3.17596
499,207,1.914
499,425,5.63576
499,462,3.01074
499,464,3.9268
499,546,7.238
501,585,6.24706
501,587,9.52817
503,207,1.56804
503,209,4.40406
503,426,1.53861
503,464,2.97071
503,465,4.90805
506,19,4.03444
506,26,7.24111
506,43,2.55513
506,246,0.462326
506,590,4.91454
508,28,6.53472
508,54,3.23007
508,69,4.29382
508,90,2.7499
508,442,0.476093
508,696,2.63119
509,174,2.96743
509,210,4.93616
509,276,2.94628
509,467,4.18032
509,511,2.4388
510,11,1.5833
510,51,1.89629
510,120,1.83054
510,393,2.94627
510,520,2.83643
510,675,3.27679
511,174,1.73786
511,210,3.26425
511,333,2.26081
511,388,1.55216
511,469,6.37444
511,509,2.4388
511,555,3.83984
513,432,4.50477
513,525,4.12869
513,607,2.54824
513,608,1.08009
513,637,5.58358
514,45,2.15119
514,542,6.15412
514,543,2.62251
514,680,3.44305
515,216,4.63321
515,225,2.70799
515,401,1.56432
515,686,2.01413
515,687,1.64385
516,146,1.03569
516,149,2.22224
516,290,6.46818
516,324,4.45697
516,352,5.37404
516,383,2.01932
516,569,4.38792
520,100,4.00366
520,120,5.06454
520,393,3.50804
520,510,2.83643
520,570,3.9582
520,571,1.44173
520,572,2.67149
523,248,2.36661
523,249,0.712302
523,443,4.5941
523,447,6.19266
523,619,1.64442
523,620,3.32409
523,694,2.04602
524,225,3.30591
524,365,2.90972
524,374,5.52499
524,545,0.988459
524,670,8.96394
524,687,1.26407
525,432,2.20424
525,469,2.48182
525,513,4.12869
525,555,4.44086
525,637,2.66753
529,82,1.87723
529,289,3.85239
529,309,4.02717
529,323,3.02865
529,447,0.95189
529,449,3.50236
530,14,2.39512
530,112,5.29015
530,428,5.59247
530,435,2.35152
531,182,1.85981
531,187,1.23937
531,292,4.00535
531,303,3.38805
531,327,5.88574
531,548,4.53336
532,44,4.66584
532,54,1.34479
532,534,3.55846
534,54,0.542146
534,69,4.15444
534,318,2.24657
534,492,4.08455
534,532,3.55846
537,18,6.23683
537,64,0.634703
537,66,1.45697
537,76,2.69371
537,485,4.14624
537,494,3.91105
538,141,4.30374
538,324,4.39254
538,379,4.10104
538,498,3.92518
538,568,3.63106
538,569,3.36286
539,118,2.65195
539,233,1.88854
539,455,4.26445
539,540,0.304004
539,691,5.30862
540,23,4.45399
540,118,3.28978
540,205,3.99748
540,455,5.02917
540,458,2.4459
540,539,0.304004
542,26,6.89857
542,45,3.51865
542,246,3.0419
542,514,6.15412
543,45,6.83451
543,437,3.19829
543,514,2.62251
543,680,4.90521
543,697,1.65672
545,346,1.63792
545,374,2.61806
545,375,3.1388
545,384,2.63049
545,524,0.988459
545,668,8.37332
545,670,0.552867
546,89,2.64083
546,102,3.77069
546,150,3.73124
546,206,2.02803
546,462,2.15828
546,499,7.238
547,257,0.459995
547,280,1.10242
547,290,4.05253
547,311,3.12692
547,352,4.55408
547,470,5.32853
548,187,1.43225
548,292,3.02748
548,409,5.8821
548,476,3.37471
548,531,4.53336
548,657,3.65289
549,270,4.92566
549,283,4.96916
549,424,4.13744
549,431,1.38177
550,16,1.22592
550,183,1.6733
550,236,8.98751
550,276,7.19983
550,465,1.20363
550,467,6.05247
551,30,2.40841
551,40,4.89724
551,49,4.50473
551,84,2.23517
551,124,3.60697
551,351,0.314656
552,59,2.11938
552,468,3.00164
552,553,4.05848
552,648,2.97119
553,59,2.78544
553,60,2.60235
553,552,4.05848
553,554,2.54013
553,646,3.15971
553,648,6.37501
554,60,5.86861
554,188,4.6204
554,553,2.54013
554,645,4.64934
554,646,2.98962
555,228,4.5754
555,333,3.05841
555,411,1.29086
555,469,1.5607
555,511,3.83984
555,525,4.44086
555,637,0.370806
556,189,0.693015
556,310,1.95515
556,362,3.0115
556,366,6.72096
556,448,3.20095
556,450,1.39902
557,202,2.40803
557,336,6.95632
557,381,5.13885
557,382,1.61499
565,223,2.69015
565,247,5.18126
565,297,2.88377
565,451,4.86194
565,484,2.12954
565,487,1.69476
565,566,5.73487
566,297,3.84109
566,487,3.4771
566,493,3.6629
566,565,5.73487
567,241,2.98662
567,399,3.93301
567,493,6.36553
567,691,5.31849
567,693,1.56351
568,138,1.74295
568,300,6.16374
568,379,3.37236
568,402,2.86064
568,491,1.67502
568,498,6.20223
568,538,3.63106
569,324,8.39379
569,379,3.46552
569,383,6.93028
569,516,4.38792
569,538,3.36286
570,120,4.7888
570,133,6.10238
570,145,0.917418
570,147,1.93438
570,520,3.9582
570,571,4.77565
571,58,6.60724
571,100,4.29122
571,101,2.6355
571,112,0.707138
571,133,1.89756
571,148,3.9753
571,428,4.69973
571,520,1.44173
571,570,4.77565
572,59,4.01791
572,60,0.222558
572,73,2.64106
572,100,6.40701
572,148,1.90416
572,393,2.03371
572,520,2.67149
572,573,5.45022
573,59,5.92165
573,393,1.69825
573,572,5.45022
573,574,5.7977
574,393,3.89054
574,573,5.7977
574,674,2.25289
574,675,1.06634
578,131,2.96673
578,143,4.79097
578,186,2.89363
578,579,3.15911
578,653,0.813624
579,185,1.34032
579,186,5.89272
579,578,3.15911
580,178,2.30377
580,185,3.89333
580,306,2.01727
580,362,3.07516
580,581,3.94386
580,582,2.02663
580,583,1.92136
581,178,3.52987
581,445,1.70003
581,479,2.21079
581,580,3.94386
581,583,2.66861
582,185,1.82949
582,580,2.02663
582,583,4.04881
582,655,2.96635
583,445,6.97087
583,580,1.92136
583,581,2.66861
583,582,4.04881
583,584,7.67459
583,655,8.7989
584,195,0.658857
584,445,1.19272
584,477,4.50913
584,583,7.67459
584,585,5.21941
585,429,7.32689
585,477,2.58815
585,501,6.24706
585,584,5.21941
585,587,1.12814
586,65,7.97643
586,70,5.28515
586,240,1.37964
586,429,2.57109
586,587,7.58188
586,588,7.27154
586,656,0.506309
587,429,4.78353
587,501,9.52817
587,585,1.12814
587,586,7.58188
587,588,2.4528
588,240,3.63109
588,586,7.27154
588,587,2.4528
590,13,5.30226
590,43,5.54189
590,47,0
590,506,4.91454
590,645,4.83095
595,318,3.56943
595,389,2.56197
595,492,4.57271
595,596,5.13978
596,351,3.78066
596,389,1.06641
596,595,5.13978
596,644,10.018
598,30,7.64684
598,49,4.464
598,77,3.77569
598,106,5.27247
598,644,6.4181
601,50,4.00709
601,86,7.30035
601,139,2.10223
601,305,8.05394
601,316,5.40657
602,182,2.01514
602,312,5.54575
602,327,4.27582
602,350,4.56128
602,361,2.80109
602,661,0.955387
602,662,2.54646
603,119,1.89087
603,144,2.60791
603,173,5.22729
603,183,1.76085
603,204,4.31269
603,208,3.04718
603,604,3.21359
604,164,3.59678
604,174,1.66931
604,183,7.11757
604,208,3.11819
604,467,2.99745
604,603,3.21359
607,286,2.5146
607,342,1.3151
607,432,4.98828
607,513,2.54824
607,608,6.20112
608,157,3.02324
608,286,2.15505
608,513,1.08009
608,607,6.20112
619,523,1.64442
