label, neighbor, wall area
1583,1584,5.34096
1583,1635,3.06388
1583,1778,7.26168
1583,1806,4.21758
1583,2056,2.94787
1583,2057,5.33716
1584,1583,5.34096
1584,1622,3.42998
1584,1793,8.25018
1584,1806,2.48806
1584,2057,4.04666
1584,2059,1.97893
1587,1622,1.6634
1587,1624,8.14172
1587,1636,4.33395
1587,1793,8.32378
1587,1812,5.07324
1587,2077,3.01701
1596,1640,2.62937
1596,1683,4.54544
1596,1750,7.50289
1596,1788,3.51132
1596,2088,2.54946
1603,1633,1.71604
1603,1778,4.72445
1603,1841,7.15574
1603,1875,3.9375
1603,2076,1.98827
1603,2079,7.75479
1604,1607,3.0816
1604,1770,2.14415
1604,1796,3.80405
1604,1897,9.48219
1604,2063,2.88062
1604,2064,4.57786
1607,1604,3.0816
1607,1843,7.00406
1607,1897,2.42954
1607,2064,2.78247
1607,2066,5.63116
1614,1643,7.07885
1614,1683,1.93015
1614,1788,4.2707
1614,1792,5.46666
1614,1861,3.43196
1614,1967,5.20997
1614,2089,4.80665
1616,1617,4.81499
1616,1692,3.10019
1616,1792,5.22106
1616,1862,0.641502
1616,1865,7.12489
1617,1616,4.81499
1617,1632,6.18906
1617,1692,4.01925
1617,1740,6.87112
1617,1742,2.0456
1617,1865,3.88992
1617,1869,2.57713
1622,1584,3.42998
1622,1587,1.6634
1622,1636,7.0123
1622,1793,2.40896
1622,1806,7.03275
1622,1879,1.80368
1624,1587,8.14172
1624,1636,2.3715
1624,1650,2.60965
1624,1812,1.61404
1624,1821,3.12793
1624,1882,4.19909
1629,1655,1.66136
1629,1702,2.96769
1629,1743,4.54475
1629,1759,8.25989
1629,1880,2.60123
1629,1940,7.05878
1630,1829,7.23086
1630,1844,5.74328
1630,1859,0.971256
1631,1801,6.95369
1631,1818,7.8627
1631,1830,3.29809
1631,1846,3.55205
1631,1847,6.48902
1632,1617,6.18906
1632,1742,2.17395
1632,1761,3.1769
1632,1795,3.60808
1632,1869,5.18944
1632,1901,3.84049
1633,1603,1.71604
1633,1768,3.36433
1633,1800,3.27754
1633,1875,7.71809
1633,1902,3.34169
1633,1938,3.72582
1633,2079,2.50016
1635,1583,3.06388
1635,1680,2.35469
1635,1778,1.47444
1635,1806,7.01846
1635,1841,10.7616
1635,1904,5.39146
1635,1971,3.93122
1636,1587,4.33395
1636,1622,7.0123
1636,1624,2.3715
1636,1666,7.12809
1636,1879,2.96752
1636,1882,5.5953
1637,1815,2.53867
1637,1818,4.14335
1637,1829,4.79933
1637,1846,4.09933
1637,1860,3.92835
1637,1876,7.94472
1637,1877,2.70902
1637,1888,2.68965
1640,1596,2.62937
1640,1750,1.87904
1640,1788,4.15662
1640,1855,4.7533
1640,1889,3.2803
1640,1892,6.57783
1640,1920,3.35541
1642,1729,4.07267
1642,1760,6.92825
1642,1853,4.50273
1642,2011,1.92797
1642,2062,2.67952
1643,1614,7.07885
1643,1671,5.1049
1643,1792,2.09622
1643,1861,2.27408
1643,1862,4.86104
1643,1921,2.05217
1643,1927,2.35681
1643,1995,3.70277
1648,1830,3.08094
1648,1846,0.811506
1648,1847,5.88193
1648,1877,3.2814
1648,1878,6.20718
1648,1891,5.28964
1649,1663,5.53334
1649,1664,2.17898
1649,1848,2.9919
1649,1863,8.95163
1649,1878,3.43487
1650,1624,2.60965
1650,1882,8.39826
1650,1978,2.51427
1655,1629,1.66136
1655,1702,4.96384
1655,1759,2.93234
1655,1762,5.38589
1655,1766,1.09072
1655,1890,6.5862
1656,1876,3.46894
1656,1877,8.03619
1656,1915,3.398
1656,1916,7.47501
1656,1917,3.40558
1657,1670,4.54329
1657,1895,8.49334
1657,2091,3.9958
1657,2095,3.3959
1660,1661,4.24827
1660,1672,4.68028
1660,1886,5.85611
1660,1928,4.07374
1661,1660,4.24827
1661,1874,4.81941
1661,1886,3.26672
1661,1887,2.26966
1661,1928,3.25056
1661,1929,7.91688
1661,1943,2.70857
1663,1649,5.53334
1663,1664,5.55392
1663,1878,5.06457
1663,1891,2.73794
1663,1934,7.37042
1663,1936,2.46627
1664,1649,2.17898
1664,1663,5.55392
1664,1669,5.50734
1664,1863,1.27726
1664,1936,4.70216
1664,2090,3.39868
1666,1636,7.12809
1666,1690,5.38478
1666,1879,5.2819
1666,1882,2.27699
1666,1977,4.5014
1669,1664,5.50734
1669,1676,3.15131
1669,1936,2.99107
1669,1937,1.83597
1669,2090,5.19565
1670,1657,4.54329
1670,1895,1.56708
1670,1937,7.93988
1670,1939,3.6481
1670,1962,3.52109
1670,2090,1.86509
1670,2091,3.31532
1671,1643,5.1049
1671,1700,3.78299
1671,1921,7.62987
1671,1995,2.75383
1672,1660,4.68028
1672,1928,7.68729
1672,1942,3.16726
1672,1953,1.76647
1673,1865,5.26132
1673,1869,7.5642
1673,1927,2.04472
1673,1931,2.8554
1673,1958,4.97196
1673,1999,3.5439
1674,1691,5.4702
1674,1916,2.59252
1674,1917,7.55092
1674,1932,3.14572
1674,1946,5.15062
1675,1872,6.00719
1675,1901,2.71994
1675,1902,3.33513
1675,1965,3.42322
1675,2003,9.22153
1675,2007,1.28215
1676,1669,3.15131
1676,1688,6.48705
1676,1936,2.91196
1676,1937,9.18292
1676,1982,2.34545
1678,1926,1.47499
1678,1944,3.93925
1678,2044,8.56
1680,1635,2.35469
1680,1703,6.25594
1680,1841,2.78668
1680,1875,5.4383
1680,1971,5.86609
1680,2034,4.41176
1683,1596,4.54544
1683,1614,1.93015
1683,1788,6.40206
1683,2031,3.21809
1683,2088,7.51395
1683,2089,8.9338
1684,1688,0.198078
1684,1934,2.75648
1684,1936,9.09207
1684,1959,6.2485
1684,1980,3.87258
1684,1997,2.0539
1685,1939,2.86364
1685,1963,9.12444
1686,1912,3.87875
1686,1929,3.28387
1686,1930,5.62042
1686,1955,7.78377
1686,1974,3.9858
1686,1975,3.63686
1687,1729,3.55937
1687,1843,5.12337
1687,1845,5.09313
1687,1954,3.3972
1687,2019,3.25822
1687,2070,6.23617
1687,2072,1.87051
1688,1676,6.48705
1688,1684,0.198078
1688,1709,2.23291
1688,1936,4.60465
1688,1980,7.26442
1688,1982,3.27163
1689,1849,3.52406
1689,1851,4.09261
1689,1973,0.812145
1689,1981,7.33455
1689,2039,6.20505
1689,2068,8.34627
1690,1666,5.38478
1690,1879,1.46535
1690,1973,4.67491
1690,1977,4.0287
1690,2039,6.90715
1691,1674,5.4702
1691,1717,4.11017
1691,1932,4.31579
1691,1946,2.92682
1691,1976,5.45278
1691,1996,6.73635
1692,1616,3.10019
1692,1617,4.01925
1692,1724,4.59992
1692,1728,4.03728
1692,1740,4.3989
1692,1792,3.14833
1692,1967,4.5006
1692,2049,2.19759
1696,1939,1.90845
1696,1962,1.72486
1696,1963,8.96739
1696,1983,8.71303
1696,2001,2.6907
1700,1671,3.78299
1700,1921,1.48853
1700,1995,6.65355
1700,2018,7.9353
1700,2051,2.59113
1702,1629,2.96769
1702,1655,4.96384
1702,1705,3.57051
1702,1725,5.38561
1702,1890,1.29557
1702,1940,5.47502
1702,2053,3.88103
1703,1680,6.25594
1703,1875,2.734
1703,1938,6.62769
1703,1965,1.79973
1703,2034,2.31768
1703,2064,7.98039
1703,2066,4.36891
1704,1713,6.40816
1704,1953,5.07256
1704,1969,6.19512
1704,1991,5.29304
1704,2017,4.37377
1705,1702,3.57051
1705,1739,2.27614
1705,1890,5.5681
1705,2009,4.57431
1705,2053,7.35202
1707,1718,6.55737
1707,1726,3.73092
1707,1979,5.83693
1707,1996,7.52029
1707,2012,1.59328
1707,2073,2.54827
1708,1709,7.29633
1708,1980,5.16374
1708,1997,1.85397
1708,2023,8.8115
1708,2056,4.11751
1709,1688,2.23291
1709,1708,7.29633
1709,1719,5.44483
1709,1980,2.16352
1709,1982,9.37938
1709,2013,0.167611
1709,2056,2.87688
1713,1704,6.40816
1713,1953,0.175262
1713,2017,4.93666
1713,2029,3.33717
1714,1715,5.73602
1714,1724,7.68062
1714,1992,5.7034
1714,2033,5.8529
1715,1714,5.73602
1715,1724,2.53579
1715,1974,8.10378
1715,1992,2.3121
1715,2010,5.29225
1715,2049,3.6834
1717,1691,4.11017
1717,1726,1.44926
1717,1976,3.52018
1717,1993,4.33751
1717,1996,6.87996
1717,2036,3.21204
1717,2038,7.8563
1718,1707,6.55737
1718,1727,3.29212
1718,2012,5.73462
1718,2073,2.17123
1718,2075,4.33748
1719,1709,5.44483
1719,2013,8.89532
1719,2056,3.0193
1719,2057,5.1432
1719,2059,4.61901
1724,1692,4.59992
1724,1714,7.68062
1724,1715,2.53579
1724,1728,3.83381
1724,2033,2.9655
1724,2049,6.25906
1725,1702,5.38561
1725,1827,10.3213
1725,1884,1.52609
1725,1940,2.44185
1725,1998,6.18737
1725,2044,2.77869
1725,2053,1.91417
1726,1707,3.73092
1726,1717,1.44926
1726,1751,6.58748
1726,1996,4.54817
1726,2038,3.68132
1726,2069,1.92928
1726,2073,6.92374
1727,1718,3.29212
1727,2012,3.37011
1727,2023,5.00168
1727,2075,4.40118
1727,2076,6.60064
1728,1692,4.03728
1728,1724,3.83381
1728,1967,7.67544
1728,2032,2.9954
1728,2033,5.01787
1728,2089,4.74291
1729,1642,4.07267
1729,1687,3.55937
1729,1760,5.42488
1729,1954,9.6001
1729,2011,3.70964
1729,2070,2.44246
1730,1977,1.68216
1730,1978,3.78076
1730,1981,5.27203
1739,1705,2.27614
1739,1853,3.1025
1739,1944,7.52892
1739,2009,4.98837
1739,2044,2.68275
1739,2053,2.91911
1739,2062,2.98426
1740,1617,6.87112
1740,1692,4.3989
1740,1742,5.33482
1740,2049,5.34558
1740,2050,4.24348
1742,1617,2.0456
1742,1632,2.17395
1742,1740,5.33482
1742,1761,7.25191
1742,2036,2.1555
1742,2050,3.43058
1742,2071,2.64601
1743,1629,4.54475
1743,1753,3.30758
1743,1759,3.72925
1743,1880,4.82944
1743,2021,4.82777
1743,2051,3.13596
1743,2054,5.56995
1749,1750,4.97301
1749,1855,6.52811
1749,2084,4.52028
1749,2086,2.49933
1750,1596,7.50289
1750,1640,1.87904
1750,1749,4.97301
1750,1855,5.5361
1750,2086,2.52752
1750,2088,2.31892
1751,1726,6.58748
1751,1763,5.63501
1751,1765,3.18088
1751,2038,2.41746
1751,2069,3.30008
1751,2071,4.92173
1753,1743,3.30758
1753,1811,9.69369
1753,1880,3.56227
1753,2018,2.35188
1753,2051,8.5555
1759,1629,8.25989
1759,1655,2.93234
1759,1743,3.72925
1759,1762,3.18842
1759,2054,2.24868
1759,2055,2.69216
1760,1642,6.92825
1760,1729,5.42488
1760,2070,4.99195
1761,1632,3.1769
1761,1742,7.25191
1761,1763,5.44496
1761,1795,2.89148
1761,2071,2.73935
1762,1655,5.38589
1762,1759,3.18842
1762,1766,6.53791
1762,2055,6.58185
1762,2058,3.19502
1763,1751,5.63501
1763,1761,5.44496
1763,1765,2.92704
1763,1795,4.63817
1763,1798,3.61676
1763,2071,1.58332
1765,1751,3.18088
1765,1763,2.92704
1765,1798,3.57427
1765,1800,2.34042
1765,1836,3.29529
1765,2069,5.93486
1766,1655,1.09072
1766,1762,6.53791
1766,1770,4.20243
1766,1831,2.97697
1766,1890,3.41831
1766,2058,5.12948
1766,2060,1.44174
1768,1633,3.36433
1768,1800,7.03562
1768,2069,2.14672
1768,2075,4.04885
1768,2079,5.90012
1770,1604,2.14415
1770,1766,4.20243
1770,1796,5.65417
1770,1831,9.55146
1770,1897,0.9745
1770,2060,4.64481
1778,1583,7.26168
1778,1603,4.72445
1778,1635,1.47444
1778,1841,4.48636
1778,2056,3.50352
1778,2076,6.11128
1779,1816,1.20761
1779,1884,2.21299
1779,1989,3.57742
1779,1994,4.82789
1779,2035,3.77798
1788,1596,3.51132
1788,1614,4.2707
1788,1640,4.15662
1788,1683,6.40206
1788,1861,6.08252
1788,1892,1.36562
1792,1614,5.46666
1792,1616,5.22106
1792,1643,2.09622
1792,1692,3.14833
1792,1862,5.70561
1792,1967,3.22672
1793,1584,8.25018
1793,1587,8.32378
1793,1622,2.40896
1793,2059,3.69663
1793,2077,3.6687
1795,1632,3.60808
1795,1761,2.89148
1795,1763,4.63817
1795,1798,4.86937
1795,1872,2.8906
1795,1901,4.31119
1796,1604,3.80405
1796,1770,5.65417
1796,2007,1.55257
1796,2060,6.26606
1796,2063,5.80334
1798,1763,3.61676
1798,1765,3.57427
1798,1795,4.86937
1798,1836,4.42946
1798,1872,4.73096
1800,1633,3.27754
1800,1765,2.34042
1800,1768,7.03562
1800,1836,4.41599
1800,1902,2.70073
1800,2069,2.03463
1801,1631,6.95369
1801,1818,3.14681
1801,1830,2.11855
1805,1808,5.9779
1805,1933,2.25663
1805,1984,8.1928
1805,1989,1.61109
1805,2081,3.9732
1805,2085,3.76022
1806,1583,4.21758
1806,1584,2.48806
1806,1622,7.03275
1806,1635,7.01846
1806,1879,2.67836
1806,1904,2.38914
1808,1805,5.9779
1808,1811,8.83509
1808,1933,4.74644
1808,2085,3.43762
1811,1753,9.69369
1811,1808,8.83509
1811,1880,3.21746
1811,1933,3.38139
1811,2018,2.76182
1811,2085,3.51581
1812,1587,5.07324
1812,1624,1.61404
1812,1821,8.17561
1812,2041,2.41887
1812,2077,2.96206
1815,1637,2.53867
1815,1818,11.1973
1815,1829,6.90795
1816,1779,1.20761
1816,1827,3.29544
1816,1884,9.17313
1816,1926,1.74991
1818,1631,7.8627
1818,1637,4.14335
1818,1801,3.14681
1818,1815,11.1973
1818,1846,2.96844
1821,1624,3.12793
1821,1812,8.17561
1827,1725,10.3213
1827,1816,3.29544
1827,1884,2.7644
1827,1926,8.0127
1827,2044,2.63257
1829,1630,7.23086
1829,1637,4.79933
1829,1815,6.90795
1829,1844,2.95876
1829,1860,4.4554
1830,1631,3.29809
1830,1648,3.08094
1830,1801,2.11855
1830,1847,3.54901
1830,1848,7.38765
1830,1878,0.756435
1831,1766,2.97697
1831,1770,9.55146
1831,1890,4.87089
1831,1897,2.34639
1831,1948,9.1024
1832,1848,3.81179
1832,1863,3.8326
1832,2092,5.83695
1836,1765,3.29529
1836,1798,4.42946
1836,1800,4.41599
1836,1872,2.67286
1836,1902,6.74497
1841,1603,7.15574
1841,1635,10.7616
1841,1680,2.78668
1841,1778,4.48636
1841,1875,4.56634
1843,1607,7.00406
1843,1687,5.12337
1843,1845,4.09021
1843,1897,0.820425
1843,1913,1.72284
1843,1954,3.51187
1843,2066,1.5706
1844,1630,5.74328
1844,1829,2.95876
1844,1859,4.33656
1844,1860,6.92192
1844,1874,4.65074
1845,1687,5.09313
1845,1843,4.09021
1845,1849,2.16441
1845,1913,7.5562
1845,1961,2.91654
1845,2019,4.1279
1846,1631,3.55205
1846,1637,4.09933
1846,1648,0.811506
1846,1818,2.96844
1846,1847,7.52688
1846,1877,7.08455
1847,1631,6.48902
1847,1648,5.88193
1847,1830,3.54901
1847,1846,7.52688
1848,1649,2.9919
1848,1830,7.38765
1848,1832,3.81179
1848,1863,1.62128
1848,1878,4.5264
1849,1689,3.52406
1849,1845,2.16441
1849,1851,4.88713
1849,1913,3.09895
1849,1961,6.91181
1849,2068,3.23825
1851,1689,4.09261
1851,1849,4.88713
1851,1961,3.95609
1851,1981,3.98434
1853,1642,4.50273
1853,1739,3.1025
1853,1944,2.68551
1853,2062,5.57801
1855,1640,4.7533
1855,1749,6.52811
1855,1750,5.5361
1855,1889,5.37547
1859,1630,0.971256
1859,1844,4.33656
1859,1874,7.35005
1859,1886,2.63707
1860,1637,3.92835
1860,1829,4.4554
1860,1844,6.92192
1860,1874,1.7039
1860,1887,4.58619
1860,1888,4.96231
1861,1614,3.43196
1861,1643,2.27408
1861,1788,6.08252
1861,1892,4.14612
1861,1921,4.71078
1862,1616,0.641502
1862,1643,4.86104
1862,1792,5.70561
1862,1865,4.25577
1862,1927,5.41388
1863,1649,8.95163
1863,1664,1.27726
1863,1832,3.8326
1863,1848,1.62128
1863,2090,4.15713
1863,2092,5.72966
1865,1616,7.12489
1865,1617,3.88992
1865,1673,5.26132
1865,1862,4.25577
1865,1869,3.37819
1865,1927,4.26124
1869,1617,2.57713
1869,1632,5.18944
1869,1673,7.5642
1869,1865,3.37819
1869,1901,2.92183
1869,1931,3.41865
1872,1675,6.00719
1872,1795,2.8906
1872,1798,4.73096
1872,1836,2.67286
1872,1901,5.82544
1872,1902,2.36813
1874,1661,4.81941
1874,1844,4.65074
1874,1859,7.35005
1874,1860,1.7039
1874,1886,3.59791
1874,1887,9.53932
1875,1603,3.9375
1875,1633,7.71809
1875,1680,5.4383
1875,1703,2.734
1875,1841,4.56634
1875,1938,3.43741
1876,1637,7.94472
1876,1656,3.46894
1876,1877,2.52287
1876,1888,3.05223
1876,1915,3.76044
1877,1637,2.70902
1877,1648,3.2814
1877,1656,8.03619
1877,1846,7.08455
1877,1876,2.52287
1877,1891,4.58998
1877,1917,1.57789
1878,1648,6.20718
1878,1649,3.43487
1878,1663,5.06457
1878,1830,0.756435
1878,1848,4.5264
1878,1891,3.36399
1879,1622,1.80368
1879,1636,2.96752
1879,1666,5.2819
1879,1690,1.46535
1879,1806,2.67836
1879,1904,6.75995
1879,1973,3.27796
1880,1629,2.60123
1880,1743,4.82944
1880,1753,3.56227
1880,1811,3.21746
1880,1933,4.28967
1880,1940,4.8553
1880,1994,3.51519
1880,1998,4.84073
1882,1624,4.19909
1882,1636,5.5953
1882,1650,8.39826
1882,1666,2.27699
1882,1977,4.46512
1882,1978,1.62599
1884,1725,1.52609
1884,1779,2.21299
1884,1816,9.17313
1884,1827,2.7644
1884,1994,6.93016
1884,1998,4.45268
1886,1660,5.85611
1886,1661,3.26672
1886,1859,2.63707
1886,1874,3.59791
1887,1661,2.26966
1887,1860,4.58619
1887,1874,9.53932
1887,1888,3.0592
1887,1912,9.57939
1887,1929,2.61203
1888,1637,2.68965
1888,1860,4.96231
1888,1876,3.05223
1888,1887,3.0592
1888,1912,3.86197
1888,1915,6.95701
1888,1930,1.54041
1889,1640,3.2803
1889,1855,5.37547
1889,1920,1.65667
1889,1949,6.10629
1890,1655,6.5862
1890,1702,1.29557
1890,1705,5.5681
1890,1766,3.41831
1890,1831,4.87089
1890,1948,2.11346
1890,2009,2.05802
1891,1648,5.28964
1891,1663,2.73794
1891,1877,4.58998
1891,1878,3.36399
1891,1917,6.41211
1891,1934,3.32052
1892,1640,6.57783
1892,1788,1.36562
1892,1861,4.14612
1892,1920,4.3211
1892,1921,2.33446
1895,1657,8.49334
1895,1670,1.56708
1895,1939,2.89847
1897,1604,9.48219
1897,1607,2.42954
1897,1770,0.9745
1897,1831,2.34639
1897,1843,0.820425
1897,1948,4.09026
1897,1954,9.28243
1897,2011,2.55727
1901,1632,3.84049
1901,1675,2.71994
1901,1795,4.31119
1901,1869,2.92183
1901,1872,5.82544
1901,1931,5.23427
1901,2003,2.71121
1902,1633,3.34169
1902,1675,3.33513
1902,1800,2.70073
1902,1836,6.74497
1902,1872,2.36813
1902,1938,5.35129
1902,1965,5.14861
1904,1635,5.39146
1904,1806,2.38914
1904,1879,6.75995
1904,1971,3.01831
1904,1973,4.5163
1912,1686,3.87875
1912,1887,9.57939
1912,1888,3.86197
1912,1929,2.6908
1912,1930,7.71265
1913,1843,1.72284
1913,1845,7.5562
1913,1849,3.09895
1913,2034,3.29647
1913,2066,5.45096
1913,2068,6.16218
1915,1656,3.398
1915,1876,3.76044
1915,1888,6.95701
1915,1916,3.53871
1915,1930,4.03089
1915,1932,2.82802
1915,1945,4.08204
1916,1656,7.47501
1916,1674,2.59252
1916,1915,3.53871
1916,1917,2.1004
1916,1932,7.24455
1917,1656,3.40558
1917,1674,7.55092
1917,1877,1.57789
1917,1891,6.41211
1917,1916,2.1004
1917,1934,3.42544
1917,1946,4.30439
1920,1640,3.35541
1920,1889,1.65667
1920,1892,4.3211
1920,1921,4.04067
1920,1949,2.91027
1920,1990,8.20363
1921,1643,2.05217
1921,1671,7.62987
1921,1700,1.48853
1921,1861,4.71078
1921,1892,2.33446
1921,1920,4.04067
1921,1990,4.02365
1921,2018,2.15914
1926,1678,1.47499
1926,1816,1.74991
1926,1827,8.0127
1926,2044,1.7274
1927,1643,2.35681
1927,1673,2.04472
1927,1862,5.41388
1927,1865,4.26124
1927,1958,5.75706
1927,1995,7.29024
1927,2021,1.51711
1928,1660,4.07374
1928,1661,3.25056
1928,1672,7.68729
1928,1943,8.76133
1928,1953,2.1489
1928,1969,1.8365
1929,1661,7.91688
1929,1686,3.28387
1929,1887,2.61203
1929,1912,2.6908
1929,1943,4.83905
1929,1955,5.17107
1929,1972,1.80994
1930,1686,5.62042
1930,1888,1.54041
1930,1912,7.71265
1930,1915,4.03089
1930,1945,4.26154
1930,1975,2.69155
1931,1673,2.8554
1931,1869,3.41865
1931,1901,5.23427
1931,1999,8.89608
1931,2003,3.10194
1932,1674,3.14572
1932,1691,4.31579
1932,1915,2.82802
1932,1916,7.24455
1932,1945,4.89064
1932,1976,3.77023
1933,1805,2.25663
1933,1808,4.74644
1933,1811,3.38139
1933,1880,4.28967
1933,1989,7.67256
1933,1994,5.11627
1934,1663,7.37042
1934,1684,2.75648
1934,1891,3.32052
1934,1917,3.42544
1934,1936,1.71894
1934,1946,4.34788
1934,1959,3.19351
1936,1663,2.46627
1936,1664,4.70216
1936,1669,2.99107
1936,1676,2.91196
1936,1684,9.09207
1936,1688,4.60465
1936,1934,1.71894
1937,1669,1.83597
1937,1670,7.93988
1937,1676,9.18292
1937,1962,3.39554
1937,1982,1.3291
1937,2090,1.81309
1938,1633,3.72582
1938,1703,6.62769
1938,1875,3.43741
1938,1902,5.35129
1938,1965,5.26292
1939,1670,3.6481
1939,1685,2.86364
1939,1696,1.90845
1939,1895,2.89847
1939,1962,6.47433
1939,1963,3.04445
1940,1629,7.05878
1940,1702,5.47502
1940,1725,2.44185
1940,1880,4.8553
1940,1998,6.89596
1942,1672,3.16726
1942,1953,9.56251
1943,1661,2.70857
1943,1928,8.76133
1943,1929,4.83905
1943,1969,3.52305
1943,1972,6.41391
1943,1991,4.26304
1944,1678,3.93925
1944,1739,7.52892
1944,1853,2.68551
1944,2044,1.36749
1945,1915,4.08204
1945,1930,4.26154
1945,1932,4.89064
1945,1975,7.56491
1945,1976,4.33812
1946,1674,5.15062
1946,1691,2.92682
1946,1917,4.30439
1946,1934,4.34788
1946,1959,3.88818
1946,1979,5.20635
1946,1996,3.96355
1948,1831,9.1024
1948,1890,2.11346
1948,1897,4.09026
1948,2009,7.96223
1948,2011,4.84925
1949,1889,6.10629
1949,1920,2.91027
1949,1990,2.66173
1949,2016,3.10995
1953,1672,1.76647
1953,1704,5.07256
1953,1713,0.175262
1953,1928,2.1489
1953,1942,9.56251
1953,1969,6.64148
1954,1687,3.3972
1954,1729,9.6001
1954,1843,3.51187
1954,1897,9.28243
1954,2011,3.6498
1955,1686,7.78377
1955,1929,5.17107
1955,1972,4.92999
1955,1974,3.61002
1955,1992,3.31805
1958,1673,4.97196
1958,1927,5.75706
1958,1999,5.35698
1958,2021,6.80524
1958,2054,3.1965
1959,1684,6.2485
1959,1934,3.19351
1959,1946,3.88818
1959,1979,6.17642
1959,1997,3.88307
1961,1845,2.91654
1961,1849,6.91181
1961,1851,3.95609
1961,2019,5.16204
1962,1670,3.52109
1962,1696,1.72486
1962,1937,3.39554
1962,1939,6.47433
1962,1982,5.91983
1962,1983,3.02842
1963,1685,9.12444
1963,1696,8.96739
1963,1939,3.04445
1963,2001,2.02246
1965,1675,3.42322
1965,1703,1.79973
1965,1902,5.14861
1965,1938,5.26292
1965,2007,7.21061
1965,2063,1.58258
1965,2064,3.00489
1967,1614,5.20997
1967,1692,4.5006
1967,1728,7.67544
1967,1792,3.22672
1967,2089,2.74832
1969,1704,6.19512
1969,1928,1.8365
1969,1943,3.52305
1969,1953,6.64148
1969,1991,4.1549
1971,1635,3.93122
1971,1680,5.86609
1971,1904,3.01831
1971,1973,6.34197
1971,2034,6.48988
1971,2068,2.05028
1972,1929,1.80994
1972,1943,6.41391
1972,1955,4.92999
1972,1991,4.06894
1972,1992,7.35915
1972,2008,1.76696
1973,1689,0.812145
1973,1690,4.67491
1973,1879,3.27796
1973,1904,4.5163
1973,1971,6.34197
1973,2039,3.90294
1973,2068,6.75432
1974,1686,3.9858
1974,1715,8.10378
1974,1955,3.61002
1974,1975,5.86331
1974,1992,3.40408
1974,2010,3.26049
1975,1686,3.63686
1975,1930,2.69155
1975,1945,7.56491
1975,1974,5.86331
1975,1976,2.25023
1975,1993,2.88756
1975,2010,3.48803
1976,1691,5.45278
1976,1717,3.52018
1976,1932,3.77023
1976,1945,4.33812
1976,1975,2.25023
1976,1993,6.67567
1977,1666,4.5014
1977,1690,4.0287
1977,1730,1.68216
1977,1882,4.46512
1977,1978,9.13773
1977,1981,3.15579
1977,2039,2.47302
1978,1650,2.51427
1978,1730,3.78076
1978,1882,1.62599
1978,1977,9.13773
1979,1707,5.83693
1979,1946,5.20635
1979,1959,6.17642
1979,1996,1.45651
1979,1997,1.59013
1979,2012,2.56376
1980,1684,3.87258
1980,1688,7.26442
1980,1708,5.16374
1980,1709,2.16352
1980,1997,5.74572
1981,1689,7.33455
1981,1730,5.27203
1981,1851,3.98434
1981,1977,3.15579
1981,2039,4.9853
1982,1676,2.34545
1982,1688,3.27163
1982,1709,9.37938
1982,1937,1.3291
1982,1962,5.91983
1982,1983,2.43969
1982,2013,4.75114
1983,1696,8.71303
1983,1962,3.02842
1983,1982,2.43969
1983,2001,1.32616
1983,2013,8.38923
1984,1805,8.1928
1984,1989,3.96626
1984,2035,5.78636
1989,1779,3.57742
1989,1805,1.61109
1989,1933,7.67256
1989,1984,3.96626
1989,1994,4.43012
1989,2035,4.74234
1990,1920,8.20363
1990,1921,4.02365
1990,1949,2.66173
1990,2016,6.72527
1990,2018,2.95006
1990,2047,6.1178
1991,1704,5.29304
1991,1943,4.26304
1991,1969,4.1549
1991,1972,4.06894
1991,2008,9.35485
1991,2017,3.03792
1991,2031,0.286242
1992,1714,5.7034
1992,1715,2.3121
1992,1955,3.31805
1992,1972,7.35915
1992,1974,3.40408
1992,2008,4.25478
1992,2033,2.52037
1993,1717,4.33751
1993,1975,2.88756
1993,1976,6.67567
1993,2010,7.52868
1993,2036,2.10863
1994,1779,4.82789
1994,1880,3.51519
1994,1884,6.93016
1994,1933,5.11627
1994,1989,4.43012
1994,1998,2.41374
1995,1643,3.70277
1995,1671,2.75383
1995,1700,6.65355
1995,1927,7.29024
1995,2021,5.52169
1995,2051,3.94897
1996,1691,6.73635
1996,1707,7.52029
1996,1717,6.87996
1996,1726,4.54817
1996,1946,3.96355
1996,1979,1.45651
1997,1684,2.0539
1997,1708,1.85397
1997,1959,3.88307
1997,1979,1.59013
1997,1980,5.74572
1997,2012,7.56413
1997,2023,1.85641
1998,1725,6.18737
1998,1880,4.84073
1998,1884,4.45268
1998,1940,6.89596
1998,1994,2.41374
1999,1673,3.5439
1999,1931,8.89608
1999,1958,5.35698
1999,2003,2.2017
1999,2054,3.4871
1999,2055,5.54904
1999,2058,5.58308
2001,1696,2.6907
2001,1963,2.02246
2001,1983,1.32616
2001,2013,1.87076
2001,2014,3.80571
2001,2026,6.50247
2003,1675,9.22153
2003,1901,2.71121
2003,1931,3.10194
2003,1999,2.2017
2003,2007,3.00763
2003,2058,5.55643
2003,2060,6.51545
2007,1675,1.28215
2007,1796,1.55257
2007,1965,7.21061
2007,2003,3.00763
2007,2060,3.52615
2007,2063,3.76603
2008,1972,1.76696
2008,1991,9.35485
2008,1992,4.25478
2008,2031,3.4231
2008,2032,4.79893
2008,2033,3.08783
2009,1705,4.57431
2009,1739,4.98837
2009,1890,2.05802
2009,1948,7.96223
2009,2011,0.982749
2009,2062,4.13108
2010,1715,5.29225
2010,1974,3.26049
2010,1975,3.48803
2010,1993,7.52868
2010,2036,4.04363
2010,2049,3.63643
2010,2050,3.50895
2011,1642,1.92797
2011,1729,3.70964
2011,1897,2.55727
2011,1948,4.84925
2011,1954,3.6498
2011,2009,0.982749
2011,2062,7.8878
2012,1707,1.59328
2012,1718,5.73462
2012,1727,3.37011
2012,1979,2.56376
2012,1997,7.56413
2012,2023,1.67871
2013,1709,0.167611
2013,1719,8.89532
2013,1982,4.75114
2013,1983,8.38923
2013,2001,1.87076
2013,2026,4.49
2013,2059,3.17148
2014,2001,3.80571
2014,2026,4.94209
2014,2041,3.71595
2016,1949,3.10995
2016,1990,6.72527
2016,2047,2.33265
2016,2081,4.98922
2017,1704,4.37377
2017,1713,4.93666
2017,1991,3.03792
2017,2029,5.32778
2017,2031,8.58052
2017,2088,1.82868
2018,1700,7.9353
2018,1753,2.35188
2018,1811,2.76182
2018,1921,2.15914
2018,1990,2.95006
2018,2047,5.22147
2018,2051,1.31273
2018,2085,3.36056
2019,1687,3.25822
2019,1845,4.1279
2019,1961,5.16204
2019,2072,7.05559
2021,1743,4.82777
2021,1927,1.51711
2021,1958,6.80524
2021,1995,5.52169
2021,2051,4.88036
2021,2054,2.93641
2023,1708,8.8115
2023,1727,5.00168
2023,1997,1.85641
2023,2012,1.67871
2023,2056,3.65283
2023,2076,3.82583
2026,2001,6.50247
2026,2013,4.49
2026,2014,4.94209
2026,2041,2.28594
2026,2059,3.67406
2029,1713,3.33717
2029,2017,5.32778
2029,2086,6.08111
2029,2088,3.77163
2031,1683,3.21809
2031,1991,0.286242
2031,2008,3.4231
2031,2017,8.58052
2031,2032,4.35763
2031,2088,2.90455
2031,2089,4.99282
2032,1728,2.9954
2032,2008,4.79893
2032,2031,4.35763
2032,2033,7.96781
2032,2089,4.73656
2033,1714,5.8529
2033,1724,2.9655
2033,1728,5.01787
2033,1992,2.52037
2033,2008,3.08783
2033,2032,7.96781
2034,1680,4.41176
2034,1703,2.31768
2034,1913,3.29647
2034,1971,6.48988
2034,2066,6.44365
2034,2068,4.68006
2035,1779,3.77798
2035,1984,5.78636
2035,1989,4.74234
2036,1717,3.21204
2036,1742,2.1555
2036,1993,2.10863
2036,2010,4.04363
2036,2038,3.25494
2036,2050,6.52416
2036,2071,5.55833
2038,1717,7.8563
2038,1726,3.68132
2038,1751,2.41746
2038,2036,3.25494
2038,2071,3.84801
2039,1689,6.20505
2039,1690,6.90715
2039,1973,3.90294
2039,1977,2.47302
2039,1981,4.9853
2041,1812,2.41887
2041,2014,3.71595
2041,2026,2.28594
2041,2059,3.39824
2041,2077,5.89031
2044,1678,8.56
2044,1725,2.77869
2044,1739,2.68275
2044,1827,2.63257
2044,1926,1.7274
2044,1944,1.36749
2044,2053,6.27683
2047,1990,6.1178
2047,2016,2.33265
2047,2018,5.22147
2047,2081,2.747
2047,2085,7.31441
2049,1692,2.19759
2049,1715,3.6834
2049,1724,6.25906
2049,1740,5.34558
2049,2010,3.63643
2049,2050,6.26344
2050,1740,4.24348
2050,1742,3.43058
2050,2010,3.50895
2050,2036,6.52416
2050,2049,6.26344
2051,1700,2.59113
2051,1743,3.13596
2051,1753,8.5555
2051,1995,3.94897
2051,2018,1.31273
2051,2021,4.88036
2053,1702,3.88103
2053,1705,7.35202
2053,1725,1.91417
2053,1739,2.91911
2053,2044,6.27683
2054,1743,5.56995
2054,1759,2.24868
2054,1958,3.1965
2054,1999,3.4871
2054,2021,2.93641
2054,2055,7.42516
2055,1759,2.69216
2055,1762,6.58185
2055,1999,5.54904
2055,2054,7.42516
2055,2058,2.89601
2056,1583,2.94787
2056,1708,4.11751
2056,1709,2.87688
2056,1719,3.0193
2056,1778,3.50352
2056,2023,3.65283
2056,2057,7.70886
2056,2076,3.33611
2057,1583,5.33716
2057,1584,4.04666
2057,1719,5.1432
2057,2056,7.70886
2057,2059,3.73763
2058,1762,3.19502
2058,1766,5.12948
2058,1999,5.58308
2058,2003,5.55643
2058,2055,2.89601
2058,2060,3.83914
2059,1584,1.97893
2059,1719,4.61901
2059,1793,3.69663
2059,2013,3.17148
2059,2026,3.67406
2059,2041,3.39824
2059,2057,3.73763
2059,2077,5.27261
2060,1766,1.44174
2060,1770,4.64481
2060,1796,6.26606
2060,2003,6.51545
2060,2007,3.52615
2060,2058,3.83914
2062,1642,2.67952
2062,1739,2.98426
2062,1853,5.57801
2062,2009,4.13108
2062,2011,7.8878
2063,1604,2.88062
2063,1796,5.80334
2063,1965,1.58258
2063,2007,3.76603
2063,2064,7.6787
2064,1604,4.57786
2064,1607,2.78247
2064,1703,7.98039
2064,1965,3.00489
2064,2063,7.6787
2064,2066,4.44256
2066,1607,5.63116
2066,1703,4.36891
2066,1843,1.5706
2066,1913,5.45096
2066,2034,6.44365
2066,2064,4.44256
2068,1689,8.34627
2068,1849,3.23825
2068,1913,6.16218
2068,1971,2.05028
2068,1973,6.75432
2068,2034,4.68006
2069,1726,1.92928
2069,1751,3.30008
2069,1765,5.93486
2069,1768,2.14672
2069,1800,2.03463
2069,2073,3.89024
2069,2075,3.22641
2070,1687,6.23617
2070,1729,2.44246
2070,1760,4.99195
2070,2072,6.49646
2071,1742,2.64601
2071,1751,4.92173
2071,1761,2.73935
2071,1763,1.58332
2071,2036,5.55833
2071,2038,3.84801
2072,1687,1.87051
2072,2019,7.05559
2072,2070,6.49646
2073,1707,2.54827
2073,1718,2.17123
2073,1726,6.92374
2073,2069,3.89024
2073,2075,8.54954
2075,1718,4.33748
2075,1727,4.40118
2075,1768,4.04885
2075,2069,3.22641
2075,2073,8.54954
2075,2076,3.05267
2075,2079,6.13586
2076,1603,1.98827
2076,1727,6.60064
2076,1778,6.11128
2076,2023,3.82583
2076,2056,3.33611
2076,2075,3.05267
2076,2079,3.62504
2077,1587,3.01701
2077,1793,3.6687
2077,1812,2.96206
2077,2041,5.89031
2077,2059,5.27261
2079,1603,7.75479
2079,1633,2.50016
2079,1768,5.90012
2079,2075,6.13586
2079,2076,3.62504
2081,1805,3.9732
2081,2016,4.98922
2081,2047,2.747
2081,2085,4.01497
2084,1749,4.52028
2084,2086,7.54246
2085,1805,3.76022
2085,1808,3.43762
2085,1811,3.51581
2085,2018,3.36056
2085,2047,7.31441
2085,2081,4.01497
2086,1749,2.49933
2086,1750,2.52752
2086,2029,6.08111
2086,2084,7.54246
2086,2088,6.13621
2088,1596,2.54946
2088,1683,7.51395
2088,1750,2.31892
2088,2017,1.82868
2088,2029,3.77163
2088,2031,2.90455
2088,2086,6.13621
2089,1614,4.80665
2089,1683,8.9338
2089,1728,4.74291
2089,1967,2.74832
2089,2031,4.99282
2089,2032,4.73656
2090,1664,3.39868
2090,1669,5.19565
2090,1670,1.86509
2090,1863,4.15713
2090,1937,1.81309
2090,2091,9.13382
2090,2092,1.93474
2091,1657,3.9958
2091,1670,3.31532
2091,2090,9.13382
2091,2092,1.23484
2091,2093,2.99931
2091,2095,3.75978
2092,1832,5.83695
2092,1863,5.72966
2092,2090,1.93474
2092,2091,1.23484
2092,2093,7.49545
2093,2091,2.99931
2093,2092,7.49545
2093,2095,3.44309
2095,1657,3.3959
2095,2091,3.75978
2095,2093,3.44309
