label, neighbor, wall area
3820,3843,4.39995
3820,3849,5.34224
3820,3901,6.77713
3820,3903,1.39222
3820,4040,6.26035
3820,4041,5.37974
3821,3875,3.07766
3821,3911,3.37457
3821,3960,0.731275
3821,4037,7.71979
3821,4071,5.46053
3821,4096,5.06744
3822,3823,2.27568
3822,3973,3.94564
3822,4086,0.692645
3822,4088,5.86059
3822,4124,1.80582
3823,3822,2.27568
3823,3825,1.96374
3823,3973,4.44938
3823,4012,7.27184
3823,4086,7.71631
3823,4102,2.31076
3825,3823,1.96374
3825,3870,6.57894
3825,3919,3.06486
3825,4012,3.64484
3825,4045,2.94602
3825,4100,2.66828
3825,4102,7.88409
3826,3874,2.96195
3826,3885,6.41138
3826,3887,6.03424
3826,3943,2.22278
3826,3954,2.66612
3826,3985,5.14192
3826,4129,2.66268
3827,3852,3.58488
3827,3898,4.97685
3827,3918,4.66453
3827,4024,5.85534
3827,4039,5.22238
3828,3924,2.60979
3828,3947,1.78376
3828,3992,5.16661
3828,4024,3.89154
3828,4039,4.8038
3828,4097,2.91318
3829,3850,7.76393
3829,3867,2.33245
3829,3894,6.75904
3829,3910,3.14272
3829,3957,3.43967
3829,3979,4.43582
3830,3869,1.33756
3830,3935,3.28354
3830,3944,4.90733
3830,4019,1.10837
3830,4067,4.60152
3831,3851,4.55585
3831,3912,5.28556
3831,3958,1.42103
3831,3981,5.17732
3831,4010,1.64539
3831,4073,5.73061
3831,4082,3.67369
3832,3859,1.13463
3832,3934,4.13841
3832,4112,2.75975
3832,4113,0.700212
3833,3834,4.08987
3833,3856,2.20689
3833,3893,8.14989
3833,3945,4.04086
3833,4076,5.06808
3833,4099,2.38101
3834,3833,4.08987
3834,3879,3.5503
3834,3893,1.32148
3834,3895,2.15115
3834,3962,3.13694
3834,4015,7.69913
3834,4047,5.2973
3834,4076,1.345
3835,3844,2.85136
3835,3847,3.7281
3835,3936,3.61489
3835,3966,3.48618
3835,4070,5.9688
3836,3855,1.72282
3836,3906,2.89297
3836,3907,3.68167
3836,3908,3.54613
3836,3923,4.25753
3836,3989,5.7644
3836,4011,3.9104
3836,4091,1.31577
3838,3885,4.94661
3838,3985,2.01177
3838,4061,2.20369
3838,4063,7.04367
3838,4089,8.3968
3839,3947,3.77248
3839,3951,5.45773
3839,4032,2.98277
3839,4057,4.2888
3839,4097,3.68114
3840,3889,6.52014
3840,3944,4.56899
3840,4017,3.5873
3840,4019,5.26122
3840,4087,6.72197
3840,4136,2.08969
3843,3820,4.39995
3843,3849,4.82364
3843,3853,3.07858
3843,3975,2.09112
3843,4008,7.5848
3843,4040,2.14302
3844,3835,2.85136
3844,3847,2.50942
3844,3964,5.78969
3844,3968,5.50958
3844,3972,2.0489
3844,3988,2.3868
3844,4070,1.3327
3844,4094,2.98331
3846,3869,5.58567
3846,3878,3.45863
3846,3935,7.14356
3846,4037,5.6358
3846,4096,3.5242
3847,3835,3.7281
3847,3844,2.50942
3847,3852,2.58802
3847,3966,4.67214
3847,3972,5.15129
3847,4093,3.26588
3848,3884,2.63138
3848,3897,3.4653
3848,3899,3.74145
3848,3930,1.66592
3848,4027,7.79074
3848,4038,3.54955
3849,3820,5.34224
3849,3843,4.82364
3849,3853,3.05321
3849,3901,2.60864
3849,4062,7.72326
3849,4066,2.39959
3850,3829,7.76393
3850,3862,3.6843
3850,3957,3.30759
3850,3979,3.42181
3850,4009,2.7498
3850,4028,4.98821
3851,3831,4.55585
3851,3912,2.87923
3851,3934,1.68197
3851,4010,5.77603
3851,4030,4.31926
3851,4078,1.52081
3851,4112,4.56312
3852,3827,3.58488
3852,3847,2.58802
3852,3918,3.42182
3852,3946,3.21157
3852,3966,2.3691
3852,4039,1.61366
3852,4093,7.89039
3853,3843,3.07858
3853,3849,3.05321
3853,3921,6.62671
3853,3971,3.3437
3853,3975,5.383
3853,3988,3.39302
3853,4062,3.05753
3855,3836,1.72282
3855,3959,4.52112
3855,3971,2.79067
3855,3987,1.64917
3855,3989,4.77826
3855,4004,2.71136
3855,4011,6.26982
3856,3833,2.20689
3856,3928,3.41112
3856,3945,7.25377
3856,4075,2.30271
3856,4098,4.0145
3856,4099,5.73342
3857,3876,4.30966
3857,3877,4.90634
3857,3942,5.13573
3857,3961,1.3728
3857,3984,0.727845
3857,4014,4.01285
3857,4046,4.53193
3857,4108,4.17136
3858,3860,0.609283
3858,3940,3.88216
3858,4003,5.75693
3858,4022,3.56273
3858,4068,3.43609
3858,4078,1.67737
3858,4147,4.88647
3859,3832,1.13463
3859,3912,4.9416
3859,3934,3.97061
3859,4111,5.55667
3860,3858,0.609283
3860,4003,3.41288
3860,4143,2.21882
3860,4146,1.24681
3860,4147,3.05936
3860,4148,1.35475
3861,3955,1.39107
3861,3978,7.10342
3861,4006,7.38822
3861,4025,5.61402
3861,4074,4.81719
3861,4075,0.780089
3862,3850,3.6843
3862,3979,3.49254
3862,4026,5.06499
3862,4028,4.55071
3862,4076,6.27172
3863,3990,5.00651
3863,4059,4.8728
3863,4060,1.33961
3863,4085,6.63707
3863,4122,4.03498
3865,3938,3.63631
3865,3951,3.08255
3865,4032,4.57601
3865,4040,3.61549
3866,3931,3.1748
3866,3961,2.38483
3866,4035,4.90629
3866,4036,6.28444
3866,4073,3.27457
3866,4082,2.4943
3867,3829,2.33245
3867,3882,5.10454
3867,3894,4.30373
3867,3896,4.24913
3867,3910,7.41135
3868,3893,1.3802
3868,3993,2.61465
3868,3995,4.43855
3868,4013,3.59668
3868,4038,2.32735
3868,4099,8.09073
3869,3830,1.33756
3869,3846,5.58567
3869,3935,5.42372
3869,4096,1.86504
3870,3825,6.57894
3870,3976,1.92769
3870,3977,1.64315
3870,4005,4.23756
3870,4045,8.40515
3870,4100,2.32454
3871,3875,6.48052
3871,3886,5.45835
3871,3911,1.02947
3871,3991,3.76646
3873,3898,4.0001
3873,3960,3.17879
3873,3991,6.29447
3873,4052,2.38205
3873,4071,4.33766
3873,4141,3.15249
3873,4142,4.86313
3874,3826,2.96195
3874,3985,6.12679
3874,3999,2.20753
3874,4002,5.77417
3874,4063,3.65173
3874,4129,6.20897
3875,3821,3.07766
3875,3871,6.48052
3875,3911,6.41188
3875,3991,2.37718
3875,4071,4.17843
3876,3857,4.30966
3876,3877,7.41115
3876,3909,2.98288
3876,3984,5.02292
3877,3857,4.90634
3877,3876,7.41115
3877,4108,1.03004
3877,4109,2.65556
3878,3846,3.45863
3878,3935,1.2601
3878,3946,4.19383
3878,3966,6.98599
3878,4037,4.01056
3879,3834,3.5503
3879,3962,8.64268
3879,4009,6.07989
3879,4028,0.896451
3879,4029,4.76296
3879,4047,4.30831
3880,3892,2.17555
3880,3941,3.89318
3880,3949,3.24604
3880,4000,3.44283
3880,4001,3.15204
3880,4053,4.55304
3881,3922,4.86318
3881,3986,8.13292
3881,4059,2.68536
3881,4060,4.43034
3881,4061,3.37571
3882,3867,5.10454
3882,3894,3.90652
3882,3896,1.88109
3882,3923,5.58782
3882,4011,3.24974
3882,4031,4.13967
3882,4033,5.94235
3883,3890,7.77515
3883,3897,3.69599
3883,3930,5.32665
3883,3990,4.66515
3883,4085,5.43383
3884,3848,2.63138
3884,3919,3.86404
3884,3928,6.86306
3884,4027,4.13624
3884,4038,2.36219
3884,4098,4.24184
3885,3826,6.41138
3885,3838,4.94661
3885,3926,9.22342
3885,3943,2.6143
3885,3985,3.06121
3885,4089,1.29633
3886,3871,5.45835
3886,3888,3.50251
3886,3991,5.24403
3887,3826,6.03424
3887,3891,4.6307
3887,3920,2.13158
3887,3954,3.15363
3887,4129,2.75395
3887,4130,5.14113
3888,3886,3.50251
3888,3991,4.26168
3888,4141,3.51928
3889,3840,6.52014
3889,3944,2.12614
3889,4136,1.70874
3890,3883,7.77515
3890,3897,2.11941
3890,3899,2.63665
3890,3926,3.10493
3890,3932,3.96834
3890,4085,2.20686
3890,4089,9.69556
3891,3887,4.6307
3891,3917,6.68446
3891,3920,3.78496
3891,3954,4.80145
3891,3998,1.32139
3892,3880,2.17555
3892,3917,3.24653
3892,3941,2.50949
3892,3948,3.20328
3892,3949,4.45442
3892,3970,3.35073
3893,3833,8.14989
3893,3834,1.32148
3893,3868,1.3802
3893,3995,3.50085
3893,3997,2.79589
3893,4015,3.53997
3893,4050,2.32894
3893,4099,2.48095
3894,3829,6.75904
3894,3867,4.30373
3894,3882,3.90652
3894,3908,4.32243
3894,3923,3.54676
3894,3979,2.39856
3895,3834,2.15115
3895,3937,3.93154
3895,3962,2.99964
3895,4000,4.45885
3895,4015,3.21559
3895,4050,2.07896
3895,4053,4.62329
3895,4058,3.40548
3896,3867,4.24913
3896,3882,1.88109
3896,3910,1.83549
3896,4033,4.06283
3896,4034,4.27929
3896,4048,3.36241
3896,4054,7.07319
3897,3848,3.4653
3897,3883,3.69599
3897,3890,2.11941
3897,3899,5.17837
3897,3930,4.13211
3898,3827,4.97685
3898,3873,4.0001
3898,3918,1.89193
3898,3960,5.63492
3898,4024,2.15003
3898,4052,6.87571
3899,3848,3.74145
3899,3890,2.63665
3899,3897,5.17837
3899,3932,3.59079
3899,3993,2.81712
3899,4038,2.2212
3901,3820,6.77713
3901,3849,2.60864
3901,3903,6.16094
3901,3982,5.39774
3901,4066,5.71762
3902,3904,3.61552
3902,3914,3.17614
3902,3953,5.25272
3902,4017,4.56636
3902,4087,5.74192
3902,4128,3.97656
3902,4135,2.72969
3903,3820,1.39222
3903,3901,6.16094
3903,3905,2.697
3903,3982,3.1703
3903,4041,4.34869
3903,4042,4.86605
3903,4072,4.84562
3904,3902,3.61552
3904,3914,3.93456
3904,3916,1.67466
3904,3929,4.93228
3904,3953,6.85418
3904,3976,2.54053
3905,3903,2.697
3905,3982,6.43712
3905,3984,7.75585
3905,4014,2.33441
3905,4072,3.27122
3906,3836,2.89297
3906,3907,7.01448
3906,3925,2.52485
3906,3955,3.70044
3906,3978,2.47442
3906,4091,4.74406
3907,3836,3.68167
3907,3906,7.01448
3907,3908,3.20048
3907,3956,5.41893
3907,3978,1.42897
3908,3836,3.54613
3908,3894,4.32243
3908,3907,3.20048
3908,3923,5.61278
3908,3956,3.50549
3908,3979,2.75472
3909,3876,2.98288
3909,3984,4.98122
3909,4072,4.30669
3910,3829,3.14272
3910,3867,7.41135
3910,3896,1.83549
3910,3933,3.53579
3910,3957,4.76047
3910,4054,4.78526
3911,3821,3.37457
3911,3871,1.02947
3911,3875,6.41188
3911,4096,2.46742
3912,3831,5.28556
3912,3851,2.87923
3912,3859,4.9416
3912,3934,5.79581
3912,4073,3.60887
3912,4111,3.49164
3913,4052,4.7582
3913,4055,3.13492
3913,4057,1.31778
3913,4142,4.89941
3914,3902,3.17614
3914,3904,3.93456
3914,3916,9.67418
3914,3965,4.99065
3914,3969,2.94124
3914,4017,8.5067
3916,3904,1.67466
3916,3914,9.67418
3916,3927,10.0789
3916,3929,5.27177
3916,3969,6.12588
3917,3891,6.68446
3917,3892,3.24653
3917,3920,1.26493
3917,3941,5.628
3917,3970,3.60965
3917,3998,3.50923
3918,3827,4.66453
3918,3852,3.42182
3918,3898,1.89193
3918,3946,6.02675
3918,3960,3.76293
3919,3825,3.06486
3919,3884,3.86404
3919,3928,2.85034
3919,4012,4.51981
3919,4027,4.12639
3919,4045,2.94572
3919,4074,8.12387
3920,3887,2.13158
3920,3891,3.78496
3920,3917,1.26493
3920,3970,4.44089
3920,4130,4.35795
3921,3853,6.62671
3921,3959,8.30625
3921,3968,3.00318
3921,3971,2.40431
3921,3988,5.47051
3921,3996,4.7671
3922,3881,4.86318
3922,3986,4.37437
3922,4016,5.19263
3922,4059,2.58168
3922,4080,2.75126
3922,4081,3.63372
3923,3836,4.25753
3923,3882,5.58782
3923,3894,3.54676
3923,3908,5.61278
3923,4011,2.10312
3924,3828,2.60979
3924,3992,1.84847
3924,4008,5.59752
3924,4032,6.57803
3924,4040,3.35519
3924,4097,2.58553
3925,3906,2.52485
3925,3927,6.88726
3925,3929,3.34701
3925,3955,4.06684
3925,3987,2.65813
3925,4091,7.48448
3926,3885,9.22342
3926,3890,3.10493
3926,3932,6.27097
3926,3943,1.4132
3926,4013,4.13022
3926,4089,3.12457
3927,3916,10.0789
3927,3925,6.88726
3927,3929,4.83189
3927,3969,1.05527
3927,3987,3.39937
3927,3996,3.83303
3928,3856,3.41112
3928,3884,6.86306
3928,3919,2.85034
3928,4074,2.46445
3928,4075,8.19466
3928,4098,0.69845
3929,3904,4.93228
3929,3916,5.27177
3929,3925,3.34701
3929,3927,4.83189
3929,3955,5.84698
3929,3976,5.1676
3929,3977,4.15884
3930,3848,1.66592
3930,3883,5.32665
3930,3897,4.13211
3930,3973,8.77312
3930,3990,3.5915
3930,4027,1.90315
3930,4088,1.80621
3931,3866,3.1748
3931,4020,3.12944
3931,4035,5.01595
3931,4073,3.58873
3931,4110,0.46491
3931,4111,8.45017
3932,3890,3.96834
3932,3899,3.59079
3932,3926,6.27097
3932,3993,7.17216
3932,4013,1.57305
3933,3910,3.53579
3933,3957,5.17498
3933,3958,6.15088
3933,3980,3.57142
3933,4054,3.36918
3933,4077,5.37126
3934,3832,4.13841
3934,3851,1.68197
3934,3859,3.97061
3934,3912,5.79581
3934,4112,3.32892
3935,3830,3.28354
3935,3846,7.14356
3935,3869,5.42372
3935,3878,1.2601
3935,3936,5.93531
3935,3966,2.07054
3935,4067,3.06558
3936,3835,3.61489
3936,3935,5.93531
3936,3966,2.86056
3936,4067,5.83876
3936,4070,1.08604
3937,3895,3.93154
3937,3962,7.206
3937,3967,5.09577
3937,4049,3.1547
3937,4058,3.11537
3938,3865,3.63631
3938,4040,4.94953
3938,4041,5.33215
3938,4042,1.64428
3940,3858,3.88216
3940,3967,5.60485
3940,4022,4.1108
3940,4078,4.20463
3941,3880,3.89318
3941,3892,2.50949
3941,3917,5.628
3941,3998,3.23794
3941,4000,4.60409
3942,3857,5.13573
3942,3961,5.28521
3942,4034,3.96534
3942,4036,2.79373
3942,4046,5.9558
3943,3826,2.22278
3943,3885,2.6143
3943,3926,1.4132
3943,3954,7.87822
3943,3995,2.01812
3943,3997,3.46981
3943,4013,5.08102
3944,3830,4.90733
3944,3840,4.56899
3944,3889,2.12614
3944,4019,2.6741
3945,3833,4.04086
3945,3856,7.25377
3945,4025,1.76973
3945,4026,4.34181
3945,4075,2.98623
3945,4076,5.91845
3946,3852,3.21157
3946,3878,4.19383
3946,3918,6.02675
3946,3960,2.05686
3946,3966,2.09646
3946,4037,4.06759
3947,3828,1.78376
3947,3839,3.77248
3947,4024,4.13521
3947,4055,4.09688
3947,4057,0.547805
3947,4097,5.55901
3948,3892,3.20328
3948,3949,3.61313
3948,3970,1.15437
3948,4131,3.00429
3949,3880,3.24604
3949,3892,4.45442
3949,3948,3.61313
3949,4001,3.24546
3949,4131,2.62537
3951,3839,5.45773
3951,3865,3.08255
3951,4032,3.40844
3953,3902,5.25272
3953,3904,6.85418
3953,3976,3.55479
3953,4005,6.13227
3953,4128,4.24108
3954,3826,2.66612
3954,3887,3.15363
3954,3891,4.80145
3954,3943,7.87822
3954,3997,1.52328
3954,3998,5.00194
3955,3861,1.39107
3955,3906,3.70044
3955,3925,4.06684
3955,3929,5.84698
3955,3977,1.59967
3955,3978,5.24783
3955,4006,6.79616
3956,3907,5.41893
3956,3908,3.50549
3956,3978,6.13707
3956,3979,7.73094
3956,4025,2.67982
3956,4026,3.39761
3957,3829,3.43967
3957,3850,3.30759
3957,3910,4.76047
3957,3933,5.17498
3957,3980,3.93919
3957,4009,4.55888
3958,3831,1.42103
3958,3933,6.15088
3958,3980,2.94172
3958,3981,7.54322
3958,4029,3.67405
3958,4077,0.993543
3958,4082,2.94033
3959,3855,4.52112
3959,3921,8.30625
3959,3971,3.44598
3959,3987,2.85893
3959,3996,3.68058
3960,3821,0.731275
3960,3873,3.17879
3960,3898,5.63492
3960,3918,3.76293
3960,3946,2.05686
3960,4037,4.04394
3960,4071,6.11628
3961,3857,1.3728
3961,3866,2.38483
3961,3942,5.28521
3961,4020,1.92184
3961,4035,6.26325
3961,4036,3.3828
3961,4108,4.53759
3962,3834,3.13694
3962,3879,8.64268
3962,3895,2.99964
3962,3937,7.206
3962,4029,1.35723
3962,4049,2.67752
3964,3844,5.78969
3964,3965,2.77301
3964,3968,3.78436
3964,3969,4.18844
3964,4070,2.65032
3964,4092,2.44961
3965,3914,4.99065
3965,3964,2.77301
3965,3969,3.68306
3965,4017,4.19486
3965,4019,2.65685
3965,4092,8.58072
3966,3835,3.48618
3966,3847,4.67214
3966,3852,2.3691
3966,3878,6.98599
3966,3935,2.07054
3966,3936,2.86056
3966,3946,2.09646
3967,3937,5.09577
3967,3940,5.60485
3967,4010,1.76198
3967,4022,4.05689
3967,4049,5.71986
3967,4058,2.76126
3967,4078,0.785862
3968,3844,5.50958
3968,3921,3.00318
3968,3964,3.78436
3968,3969,4.21876
3968,3988,4.03902
3968,3996,4.76072
3969,3914,2.94124
3969,3916,6.12588
3969,3927,1.05527
3969,3964,4.18844
3969,3965,3.68306
3969,3968,4.21876
3969,3996,6.94167
3970,3892,3.35073
3970,3917,3.60965
3970,3920,4.44089
3970,3948,1.15437
3971,3853,3.3437
3971,3855,2.79067
3971,3921,2.40431
3971,3959,3.44598
3971,3974,2.60803
3971,4004,7.27814
3971,4062,4.08174
3972,3844,2.0489
3972,3847,5.15129
3972,3992,3.1252
3972,4093,6.24089
3972,4094,9.05291
3973,3822,3.94564
3973,3823,4.44938
3973,3930,8.77312
3973,4012,2.79472
3973,4027,4.11983
3973,4088,2.50176
3974,3971,2.60803
3974,3994,3.27473
3974,4004,4.93985
3974,4031,3.97521
3974,4062,3.65147
3974,4066,6.78376
3975,3843,2.09112
3975,3853,5.383
3975,3988,5.13857
3975,3992,4.88453
3975,4008,1.81309
3975,4094,3.35201
3976,3870,1.92769
3976,3904,2.54053
3976,3929,5.1676
3976,3953,3.55479
3976,3977,7.3596
3976,4005,4.52563
3977,3870,1.64315
3977,3929,4.15884
3977,3955,1.59967
3977,3976,7.3596
3977,4006,4.91159
3977,4045,3.44519
3978,3861,7.10342
3978,3906,2.47442
3978,3907,1.42897
3978,3955,5.24783
3978,3956,6.13707
3978,4025,2.91595
3979,3829,4.43582
3979,3850,3.42181
3979,3862,3.49254
3979,3894,2.39856
3979,3908,2.75472
3979,3956,7.73094
3979,4026,2.98264
3980,3933,3.57142
3980,3957,3.93919
3980,3958,2.94172
3980,4009,7.00171
3980,4029,4.82024
3981,3831,5.17732
3981,3958,7.54322
3981,4010,5.82376
3981,4029,3.27756
3982,3901,5.39774
3982,3903,3.1703
3982,3905,6.43712
3982,3994,5.69614
3982,4014,5.08626
3982,4018,0.799184
3982,4066,3.01445
3984,3857,0.727845
3984,3876,5.02292
3984,3905,7.75585
3984,3909,4.98122
3984,4014,4.45118
3985,3826,5.14192
3985,3838,2.01177
3985,3874,6.12679
3985,3885,3.06121
3985,4063,2.75899
3986,3881,8.13292
3986,3922,4.37437
3986,3999,4.18325
3986,4061,5.18097
3986,4080,5.78152
3987,3855,1.64917
3987,3925,2.65813
3987,3927,3.39937
3987,3959,2.85893
3987,3989,7.00565
3987,3996,6.09589
3987,4091,1.65206
3988,3844,2.3868
3988,3853,3.39302
3988,3921,5.47051
3988,3968,4.03902
3988,3975,5.13857
3988,4094,4.40133
3989,3836,5.7644
3989,3855,4.77826
3989,3987,7.00565
3989,4091,4.66954
3990,3863,5.00651
3990,3883,4.66515
3990,3930,3.5915
3990,4085,1.89924
3990,4088,8.25218
3990,4122,2.14469
3991,3871,3.76646
3991,3873,6.29447
3991,3875,2.37718
3991,3886,5.24403
3991,3888,4.26168
3991,4071,3.17848
3991,4141,2.46689
3992,3828,5.16661
3992,3924,1.84847
3992,3972,3.1252
3992,3975,4.88453
3992,4008,6.0697
3992,4039,6.37286
3992,4093,0.596354
3992,4094,1.88471
3993,3868,2.61465
3993,3899,2.81712
3993,3932,7.17216
3993,4013,2.49949
3993,4038,5.44245
3994,3974,3.27473
3994,3982,5.69614
3994,4018,4.02522
3994,4031,5.87874
3994,4048,3.47338
3994,4066,2.38016
3995,3868,4.43855
3995,3893,3.50085
3995,3943,2.01812
3995,3997,5.03527
3995,4013,5.36429
3996,3921,4.7671
3996,3927,3.83303
3996,3959,3.68058
3996,3968,4.76072
3996,3969,6.94167
3996,3987,6.09589
3997,3893,2.79589
3997,3943,3.46981
3997,3954,1.52328
3997,3995,5.03527
3997,3998,6.31006
3997,4050,2.95025
3998,3891,1.32139
3998,3917,3.50923
3998,3941,3.23794
3998,3954,5.00194
3998,3997,6.31006
3998,4000,3.34617
3998,4050,3.73848
3999,3874,2.20753
3999,3986,4.18325
3999,4002,9.42
3999,4061,2.74772
3999,4063,6.69108
3999,4080,5.88563
4000,3880,3.44283
4000,3895,4.45885
4000,3941,4.60409
4000,3998,3.34617
4000,4050,3.10073
4000,4053,2.11533
4001,3880,3.15204
4001,3949,3.24546
4001,4022,0.948985
4001,4053,3.38886
4001,4058,4.45599
4001,4068,6.30851
4001,4131,7.13502
4002,3874,5.77417
4002,3999,9.42
4002,4129,4.47255
4003,3858,5.75693
4003,3860,3.41288
4003,4030,1.48593
4003,4078,6.04173
4003,4143,8.69825
4004,3855,2.71136
4004,3971,7.27814
4004,3974,4.93985
4004,4011,4.51633
4004,4031,3.92423
4005,3870,4.23756
4005,3953,6.13227
4005,3976,4.52563
4005,4100,8.84591
4005,4128,2.74114
4006,3861,7.38822
4006,3955,6.79616
4006,3977,4.91159
4006,4045,5.56557
4006,4074,3.06492
4008,3843,7.5848
4008,3924,5.59752
4008,3975,1.81309
4008,3992,6.0697
4008,4040,3.15002
4009,3850,2.7498
4009,3879,6.07989
4009,3957,4.55888
4009,3980,7.00171
4009,4028,5.16532
4009,4029,1.85441
4010,3831,1.64539
4010,3851,5.77603
4010,3967,1.76198
4010,3981,5.82376
4010,4029,2.43146
4010,4049,5.65644
4010,4078,7.161
4011,3836,3.9104
4011,3855,6.26982
4011,3882,3.24974
4011,3923,2.10312
4011,4004,4.51633
4011,4031,3.92783
4012,3823,7.27184
4012,3825,3.64484
4012,3919,4.51981
4012,3973,2.79472
4012,4027,5.1485
4013,3868,3.59668
4013,3926,4.13022
4013,3932,1.57305
4013,3943,5.08102
4013,3993,2.49949
4013,3995,5.36429
4014,3857,4.01285
4014,3905,2.33441
4014,3982,5.08626
4014,3984,4.45118
4014,4018,6.75124
4014,4046,2.99129
4015,3834,7.69913
4015,3893,3.53997
4015,3895,3.21559
4015,4050,7.59445
4016,3922,5.19263
4016,4081,4.81198
4017,3840,3.5873
4017,3902,4.56636
4017,3914,8.5067
4017,3965,4.19486
4017,4019,4.35645
4017,4087,5.4527
4018,3982,0.799184
4018,3994,4.02522
4018,4014,6.75124
4018,4034,1.50272
4018,4046,5.16961
4018,4048,7.0313
4019,3830,1.10837
4019,3840,5.26122
4019,3944,2.6741
4019,3965,2.65685
4019,4017,4.35645
4019,4067,6.91026
4019,4070,0.73003
4019,4092,4.31779
4020,3931,3.12944
4020,3961,1.92184
4020,4035,4.34532
4020,4108,3.32636
4020,4109,0.441373
4022,3858,3.56273
4022,3940,4.1108
4022,3967,4.05689
4022,4001,0.948985
4022,4058,5.97566
4022,4068,4.6096
4024,3827,5.85534
4024,3828,3.89154
4024,3898,2.15003
4024,3947,4.13521
4024,4039,1.15771
4024,4052,3.91414
4024,4055,2.88187
4025,3861,5.61402
4025,3945,1.76973
4025,3956,2.67982
4025,3978,2.91595
4025,4026,7.71652
4025,4075,7.70495
4026,3862,5.06499
4026,3945,4.34181
4026,3956,3.39761
4026,3979,2.98264
4026,4025,7.71652
4026,4076,2.02524
4027,3848,7.79074
4027,3884,4.13624
4027,3919,4.12639
4027,3930,1.90315
4027,3973,4.11983
4027,4012,5.1485
4028,3850,4.98821
4028,3862,4.55071
4028,3879,0.896451
4028,4009,5.16532
4028,4047,7.19458
4028,4076,0.56537
4029,3879,4.76296
4029,3958,3.67405
4029,3962,1.35723
4029,3980,4.82024
4029,3981,3.27756
4029,4009,1.85441
4029,4010,2.43146
4029,4049,6.98293
4030,3851,4.31926
4030,4003,1.48593
4030,4078,3.86193
4030,4112,7.59266
4031,3882,4.13967
4031,3974,3.97521
4031,3994,5.87874
4031,4004,3.92423
4031,4011,3.92783
4031,4033,7.11016
4031,4048,2.51911
4032,3839,2.98277
4032,3865,4.57601
4032,3924,6.57803
4032,3951,3.40844
4032,4040,3.66025
4032,4097,1.95837
4033,3882,5.94235
4033,3896,4.06283
4033,4031,7.11016
4033,4048,5.4892
4034,3896,4.27929
4034,3942,3.96534
4034,4018,1.50272
4034,4036,3.67857
4034,4046,4.65284
4034,4048,3.62821
4034,4054,3.64871
4035,3866,4.90629
4035,3931,5.01595
4035,3961,6.26325
4035,4020,4.34532
4036,3866,6.28444
4036,3942,2.79373
4036,3961,3.3828
4036,4034,3.67857
4036,4054,5.40817
4036,4077,2.99151
4036,4082,1.53574
4037,3821,7.71979
4037,3846,5.6358
4037,3878,4.01056
4037,3946,4.06759
4037,3960,4.04394
4037,4096,3.13773
4038,3848,3.54955
4038,3868,2.32735
4038,3884,2.36219
4038,3899,2.2212
4038,3993,5.44245
4038,4098,7.61413
4039,3827,5.22238
4039,3828,4.8038
4039,3852,1.61366
4039,3992,6.37286
4039,4024,1.15771
4039,4093,2.12455
4040,3820,6.26035
4040,3843,2.14302
4040,3865,3.61549
4040,3924,3.35519
4040,3938,4.94953
4040,4008,3.15002
4040,4032,3.66025
4040,4041,1.77019
4041,3820,5.37974
4041,3903,4.34869
4041,3938,5.33215
4041,4040,1.77019
4041,4042,7.37347
4042,3903,4.86605
4042,3938,1.64428
4042,4041,7.37347
4042,4072,3.29041
4045,3825,2.94602
4045,3870,8.40515
4045,3919,2.94572
4045,3977,3.44519
4045,4006,5.56557
4045,4074,4.23926
4046,3857,4.53193
4046,3942,5.9558
4046,4014,2.99129
4046,4018,5.16961
4046,4034,4.65284
4047,3834,5.2973
4047,3879,4.30831
4047,4028,7.19458
4047,4076,5.19605
4048,3896,3.36241
4048,3994,3.47338
4048,4018,7.0313
4048,4031,2.51911
4048,4033,5.4892
4048,4034,3.62821
4049,3937,3.1547
4049,3962,2.67752
4049,3967,5.71986
4049,4010,5.65644
4049,4029,6.98293
4050,3893,2.32894
4050,3895,2.07896
4050,3997,2.95025
4050,3998,3.73848
4050,4000,3.10073
4050,4015,7.59445
4052,3873,2.38205
4052,3898,6.87571
4052,3913,4.7582
4052,4024,3.91414
4052,4055,5.30573
4052,4142,3.25515
4053,3880,4.55304
4053,3895,4.62329
4053,4000,2.11533
4053,4001,3.38886
4053,4058,6.70639
4054,3896,7.07319
4054,3910,4.78526
4054,3933,3.36918
4054,4034,3.64871
4054,4036,5.40817
4054,4077,4.67618
4055,3913,3.13492
4055,3947,4.09688
4055,4024,2.88187
4055,4052,5.30573
4055,4057,6.50506
4057,3839,4.2888
4057,3913,1.31778
4057,3947,0.547805
4057,4055,6.50506
4058,3895,3.40548
4058,3937,3.11537
4058,3967,2.76126
4058,4001,4.45599
4058,4022,5.97566
4058,4053,6.70639
4059,3863,4.8728
4059,3881,2.68536
4059,3922,2.58168
4059,4060,7.00447
4059,4081,8.66393
4059,4122,2.27004
4060,3863,1.33961
4060,3881,4.43034
4060,4059,7.00447
4060,4061,4.45172
4060,4085,5.61723
4061,3838,2.20369
4061,3881,3.37571
4061,3986,5.18097
4061,3999,2.74772
4061,4060,4.45172
4061,4063,7.45259
4061,4085,1.56012
4061,4089,5.9029
4062,3849,7.72326
4062,3853,3.05753
4062,3971,4.08174
4062,3974,3.65147
4062,4066,2.13497
4063,3838,7.04367
4063,3874,3.65173
4063,3985,2.75899
4063,3999,6.69108
4063,4061,7.45259
4066,3849,2.39959
4066,3901,5.71762
4066,3974,6.78376
4066,3982,3.01445
4066,3994,2.38016
4066,4062,2.13497
4067,3830,4.60152
4067,3935,3.06558
4067,3936,5.83876
4067,4019,6.91026
4067,4070,3.50449
4068,3858,3.43609
4068,4001,6.30851
4068,4022,4.6096
4068,4084,3.72081
4068,4131,2.45622
4068,4147,6.72851
4070,3835,5.9688
4070,3844,1.3327
4070,3936,1.08604
4070,3964,2.65032
4070,4019,0.73003
4070,4067,3.50449
4070,4092,6.19583
4071,3821,5.46053
4071,3873,4.33766
4071,3875,4.17843
4071,3960,6.11628
4071,3991,3.17848
4072,3903,4.84562
4072,3905,3.27122
4072,3909,4.30669
4072,4042,3.29041
4073,3831,5.73061
4073,3866,3.27457
4073,3912,3.60887
4073,3931,3.58873
4073,4082,5.58135
4073,4111,2.77015
4074,3861,4.81719
4074,3919,8.12387
4074,3928,2.46445
4074,4006,3.06492
4074,4045,4.23926
4074,4075,2.48409
4075,3856,2.30271
4075,3861,0.780089
4075,3928,8.19466
4075,3945,2.98623
4075,4025,7.70495
4075,4074,2.48409
4076,3833,5.06808
4076,3834,1.345
4076,3862,6.27172
4076,3945,5.91845
4076,4026,2.02524
4076,4028,0.56537
4076,4047,5.19605
4077,3933,5.37126
4077,3958,0.993543
4077,4036,2.99151
4077,4054,4.67618
4077,4082,7.94511
4078,3851,1.52081
4078,3858,1.67737
4078,3940,4.20463
4078,3967,0.785862
4078,4003,6.04173
4078,4010,7.161
4078,4030,3.86193
4080,3922,2.75126
4080,3986,5.78152
4080,3999,5.88563
4081,3922,3.63372
4081,4016,4.81198
4081,4059,8.66393
4081,4122,2.21824
4081,4133,5.62248
4082,3831,3.67369
4082,3866,2.4943
4082,3958,2.94033
4082,4036,1.53574
4082,4073,5.58135
4082,4077,7.94511
4084,4068,3.72081
4084,4131,2.90748
4084,4132,1.75946
4084,4147,3.48177
4084,4148,1.47191
4085,3863,6.63707
4085,3883,5.43383
4085,3890,2.20686
4085,3990,1.89924
4085,4060,5.61723
4085,4061,1.56012
4085,4089,5.50251
4086,3822,0.692645
4086,3823,7.71631
4086,4102,3.26541
4087,3840,6.72197
4087,3902,5.74192
4087,4017,5.4527
4087,4135,4.40912
4087,4136,5.52372
4088,3822,5.86059
4088,3930,1.80621
4088,3973,2.50176
4088,3990,8.25218
4088,4122,1.79916
4088,4124,6.46758
4089,3838,8.3968
4089,3885,1.29633
4089,3890,9.69556
4089,3926,3.12457
4089,4061,5.9029
4089,4085,5.50251
4091,3836,1.31577
4091,3906,4.74406
4091,3925,7.48448
4091,3987,1.65206
4091,3989,4.66954
4092,3964,2.44961
4092,3965,8.58072
4092,4019,4.31779
4092,4070,6.19583
4093,3847,3.26588
4093,3852,7.89039
4093,3972,6.24089
4093,3992,0.596354
4093,4039,2.12455
4094,3844,2.98331
4094,3972,9.05291
4094,3975,3.35201
4094,3988,4.40133
4094,3992,1.88471
4096,3821,5.06744
4096,3846,3.5242
4096,3869,1.86504
4096,3911,2.46742
4096,4037,3.13773
4097,3828,2.91318
4097,3839,3.68114
4097,3924,2.58553
4097,3947,5.55901
4097,4032,1.95837
4098,3856,4.0145
4098,3884,4.24184
4098,3928,0.69845
4098,4038,7.61413
4098,4099,2.02987
4099,3833,2.38101
4099,3856,5.73342
4099,3868,8.09073
4099,3893,2.48095
4099,4098,2.02987
4100,3825,2.66828
4100,3870,2.32454
4100,4005,8.84591
4100,4102,0.795923
4100,4128,1.23721
4100,4138,9.57802
4102,3823,2.31076
4102,3825,7.88409
4102,4086,3.26541
4102,4100,0.795923
4102,4138,2.88207
4108,3857,4.17136
4108,3877,1.03004
4108,3961,4.53759
4108,4020,3.32636
4108,4109,6.86297
4109,3877,2.65556
4109,4020,0.441373
4109,4108,6.86297
4110,3931,0.46491
4110,4111,1.1248
4111,3859,5.55667
4111,3912,3.49164
4111,3931,8.45017
4111,4073,2.77015
4111,4110,1.1248
4112,3832,2.75975
4112,3851,4.56312
4112,3934,3.32892
4112,4030,7.59266
4112,4113,5.25998
4112,4143,1.60737
4112,4144,5.1717
4113,3832,0.700212
4113,4112,5.25998
4113,4144,2.65101
4122,3863,4.03498
4122,3990,2.14469
4122,4059,2.27004
4122,4081,2.21824
4122,4088,1.79916
4122,4124,2.96791
4122,4133,8.25978
4122,4134,4.00956
4124,3822,1.80582
4124,4088,6.46758
4124,4122,2.96791
4124,4134,1.69538
4128,3902,3.97656
4128,3953,4.24108
4128,4005,2.74114
4128,4100,1.23721
4128,4135,5.52566
4128,4137,4.69057
4128,4138,1.38368
4129,3826,2.66268
4129,3874,6.20897
4129,3887,2.75395
4129,4002,4.47255
4129,4130,8.15047
4130,3887,5.14113
4130,3920,4.35795
4130,4129,8.15047
4131,3948,3.00429
4131,3949,2.62537
4131,4001,7.13502
4131,4068,2.45622
4131,4084,2.90748
4131,4132,5.5099
4132,4084,1.75946
4132,4131,5.5099
4133,4081,5.62248
4133,4122,8.25978
4133,4134,1.36256
4134,4122,4.00956
4134,4124,1.69538
4134,4133,1.36256
4135,3902,2.72969
4135,4087,4.40912
4135,4128,5.52566
4135,4136,1.23748
4136,3840,2.08969
4136,3889,1.70874
4136,4087,5.52372
4136,4135,1.23748
4137,4128,4.69057
4137,4138,1.66014
4138,4100,9.57802
4138,4102,2.88207
4138,4128,1.38368
4138,4137,1.66014
4141,3873,3.15249
4141,3888,3.51928
4141,3991,2.46689
4141,4142,6.0332
4142,3873,4.86313
4142,3913,4.89941
4142,4052,3.25515
4142,4141,6.0332
4143,3860,2.21882
4143,4003,8.69825
4143,4112,1.60737
4143,4144,4.10619
4143,4145,1.59179
4143,4146,4.17012
4144,4112,5.1717
4144,4113,2.65101
4144,4143,4.10619
4144,4145,1.61112
4145,4143,1.59179
4145,4144,1.61112
4145,4146,0.617147
4146,3860,1.24681
4146,4143,4.17012
4146,4145,0.617147
4147,3858,4.88647
4147,3860,3.05936
4147,4068,6.72851
4147,4084,3.48177
4147,4148,5.55595
4148,3860,1.35475
4148,4084,1.47191
4148,4147,5.55595
